time	Core_1,1	Core_1,2
0	45	45
0.0005	45.3931	45.0013
0.001	45.587	45.0033
0.0015	45.6927	45.0053
0.002	45.7565	45.0072
0.0025	45.799	45.0089
0.003	45.8297	45.0106
0.0035	45.8531	45.0123
0.004	45.8718	45.0139
0.0045	45.8869	45.0154
0.005	45.8993	45.0168
0.0055	45.9097	45.0181
0.006	45.9183	45.0194
0.0065	45.9256	45.0205
0.007	45.9318	45.0216
0.0075	45.9371	45.0226
0.008	45.9416	45.0235
0.0085	45.9456	45.0243
0.009	45.949	45.025
0.0095	45.952	45.0257
0.01	45.9547	45.0263
0.0105	45.9571	45.0269
0.011	45.9593	45.0275
0.0115	45.9613	45.028
0.012	45.9631	45.0285
0.0125	45.9648	45.029
0.013	45.9663	45.0294
0.0135	45.9678	45.0298
0.014	45.9692	45.0302
0.0145	45.9705	45.0306
0.015	45.9717	45.031
0.0155	45.9729	45.0313
0.016	45.974	45.0317
0.0165	45.9751	45.032
0.017	45.9762	45.0324
0.0175	45.9772	45.0327
0.018	45.9782	45.033
0.0185	45.9792	45.0334
0.019	45.9801	45.0337
0.0195	45.981	45.034
0.02	45.9819	45.0343
0.0205	45.9828	45.0346
0.021	45.9836	45.0349
0.0215	45.9844	45.0352
0.022	45.9853	45.0355
0.0225	45.986	45.0358
0.023	45.9868	45.0361
0.0235	45.9876	45.0364
0.024	45.9883	45.0367
0.0245	45.989	45.037
0.025	45.9898	45.0373
0.0255	45.9905	45.0376
0.026	45.9911	45.0379
0.0265	45.9918	45.0382
0.027	45.9925	45.0384
0.0275	45.9931	45.0387
0.028	45.9938	45.039
0.0285	45.9944	45.0393
0.029	45.995	45.0396
0.0295	45.9956	45.0398
0.03	45.9962	45.0401
0.0305	45.9967	45.0404
0.031	45.9973	45.0406
0.0315	45.9979	45.0409
0.032	45.9984	45.0412
0.0325	45.9989	45.0414
0.033	45.9995	45.0417
0.0335	46	45.042
0.034	46.0005	45.0422
0.0345	46.001	45.0425
0.035	46.0015	45.0427
0.0355	46.0019	45.043
0.036	46.0024	45.0432
0.0365	46.0029	45.0435
0.037	46.0033	45.0437
0.0375	46.0038	45.0439
0.038	46.0042	45.0442
0.0385	46.0046	45.0444
0.039	46.0051	45.0446
0.0395	46.0055	45.0449
0.04	46.0059	45.0451
0.0405	46.0063	45.0453
0.041	46.0067	45.0456
0.0415	46.0071	45.0458
0.042	46.0074	45.046
0.0425	46.0078	45.0462
0.043	46.0082	45.0464
0.0435	46.0085	45.0466
0.044	46.0089	45.0469
0.0445	46.0092	45.0471
0.045	46.0096	45.0473
0.0455	46.0099	45.0475
0.046	46.0103	45.0477
0.0465	46.0106	45.0479
0.047	46.0109	45.0481
0.0475	46.0112	45.0483
0.048	46.0115	45.0485
0.0485	46.0118	45.0487
0.049	46.0121	45.0489
0.0495	46.0124	45.0491
0.05	46.0127	45.0492
0.0505	46.013	45.0494
0.051	46.0133	45.0496
0.0515	46.0135	45.0498
0.052	46.0138	45.05
0.0525	46.0141	45.0502
0.053	46.0143	45.0503
0.0535	46.0146	45.0505
0.054	46.0148	45.0507
0.0545	46.0151	45.0508
0.055	46.0153	45.051
0.0555	46.0156	45.0512
0.056	46.0158	45.0513
0.0565	46.0161	45.0515
0.057	46.0163	45.0517
0.0575	46.0165	45.0518
0.058	46.0167	45.052
0.0585	46.0169	45.0521
0.059	46.0172	45.0523
0.0595	46.0174	45.0524
0.06	46.0176	45.0526
0.0605	46.0178	45.0527
0.061	46.018	45.0529
0.0615	46.0182	45.053
0.062	46.0184	45.0532
0.0625	46.0186	45.0533
0.063	46.0188	45.0535
0.0635	46.019	45.0536
0.064	46.0191	45.0537
0.0645	46.0193	45.0539
0.065	46.0195	45.054
0.0655	46.0197	45.0541
0.066	46.0199	45.0543
0.0665	46.02	45.0544
0.067	46.0202	45.0545
0.0675	46.0204	45.0547
0.068	46.0205	45.0548
0.0685	46.0207	45.0549
0.069	46.0209	45.055
0.0695	46.021	45.0552
0.07	46.0212	45.0553
0.0705	46.0213	45.0554
0.071	46.0215	45.0555
0.0715	46.0216	45.0556
0.072	46.0218	45.0557
0.0725	46.0219	45.0559
0.073	46.022	45.056
0.0735	46.0222	45.0561
0.074	46.0223	45.0562
0.0745	46.0225	45.0563
0.075	46.0226	45.0564
0.0755	46.0227	45.0565
0.076	46.0229	45.0566
0.0765	46.023	45.0567
0.077	46.0231	45.0568
0.0775	46.0232	45.0569
0.078	46.0234	45.057
0.0785	46.0235	45.0571
0.079	46.0236	45.0572
0.0795	46.0237	45.0573
0.08	46.0238	45.0574
0.0805	46.024	45.0575
0.081	46.0241	45.0576
0.0815	46.0242	45.0577
0.082	46.0243	45.0578
0.0825	46.0244	45.0579
0.083	46.0245	45.058
0.0835	46.0246	45.058
0.084	46.0247	45.0581
0.0845	46.0248	45.0582
0.085	46.0249	45.0583
0.0855	46.025	45.0584
0.086	46.0251	45.0585
0.0865	46.0252	45.0586
0.087	46.0253	45.0586
0.0875	46.0254	45.0587
0.088	46.0255	45.0588
0.0885	46.0256	45.0589
0.089	46.0257	45.059
0.0895	46.0258	45.059
0.09	46.0259	45.0591
0.0905	46.026	45.0592
0.091	46.0261	45.0593
0.0915	46.0262	45.0593
0.092	46.0263	45.0594
0.0925	46.0263	45.0595
0.093	46.0264	45.0596
0.0935	46.0265	45.0596
0.094	46.0266	45.0597
0.0945	46.0267	45.0598
0.095	46.0268	45.0598
0.0955	46.0268	45.0599
0.096	46.0269	45.06
0.0965	46.027	45.0601
0.097	46.0271	45.0601
0.0975	46.0272	45.0602
0.098	46.0272	45.0603
0.0985	46.0273	45.0603
0.099	46.0274	45.0604
0.0995	46.0275	45.0604
0.1	46.0275	45.0605
0.1005	46.0276	45.0606
0.101	46.0277	45.0606
0.1015	46.0277	45.0607
0.102	46.0278	45.0608
0.1025	46.0279	45.0608
0.103	46.028	45.0609
0.1035	46.028	45.0609
0.104	46.0281	45.061
0.1045	46.0282	45.061
0.105	46.0282	45.0611
0.1055	46.0283	45.0612
0.106	46.0283	45.0612
0.1065	46.0284	45.0613
0.107	46.0285	45.0613
0.1075	46.0285	45.0614
0.108	46.0286	45.0614
0.1085	46.0287	45.0615
0.109	46.0287	45.0615
0.1095	46.0288	45.0616
0.11	46.0288	45.0617
0.1105	46.0289	45.0617
0.111	46.029	45.0618
0.1115	46.029	45.0618
0.112	46.0291	45.0619
0.1125	46.0291	45.0619
0.113	46.0292	45.062
0.1135	46.0293	45.062
0.114	46.0293	45.0621
0.1145	46.0294	45.0621
0.115	46.0294	45.0621
0.1155	46.0295	45.0622
0.116	46.0295	45.0622
0.1165	46.0296	45.0623
0.117	46.0296	45.0623
0.1175	46.0297	45.0624
0.118	46.0297	45.0624
0.1185	46.0298	45.0625
0.119	46.0298	45.0625
0.1195	46.0299	45.0626
0.12	46.0299	45.0626
0.1205	46.03	45.0627
0.121	46.03	45.0627
0.1215	46.0301	45.0627
0.122	46.0301	45.0628
0.1225	46.0302	45.0628
0.123	46.0302	45.0629
0.1235	46.0303	45.0629
0.124	46.0303	45.063
0.1245	46.0304	45.063
0.125	46.0304	45.063
0.1255	46.0305	45.0631
0.126	46.0305	45.0631
0.1265	46.0306	45.0632
0.127	46.0306	45.0632
0.1275	46.0307	45.0632
0.128	46.0307	45.0633
0.1285	46.0307	45.0633
0.129	46.0308	45.0634
0.1295	46.0308	45.0634
0.13	46.0309	45.0634
0.1305	46.0309	45.0635
0.131	46.031	45.0635
0.1315	46.031	45.0635
0.132	46.0311	45.0636
0.1325	46.0311	45.0636
0.133	46.0311	45.0637
0.1335	46.0312	45.0637
0.134	46.0312	45.0637
0.1345	46.0313	45.0638
0.135	46.0313	45.0638
0.1355	46.0313	45.0638
0.136	46.0314	45.0639
0.1365	46.0314	45.0639
0.137	46.0315	45.0639
0.1375	46.0315	45.064
0.138	46.0315	45.064
0.1385	46.0316	45.064
0.139	46.0316	45.0641
0.1395	46.0317	45.0641
0.14	46.0317	45.0641
0.1405	46.0317	45.0642
0.141	46.0318	45.0642
0.1415	46.0318	45.0642
0.142	46.0319	45.0643
0.1425	46.0319	45.0643
0.143	46.0319	45.0643
0.1435	46.032	45.0644
0.144	46.032	45.0644
0.1445	46.032	45.0644
0.145	46.0321	45.0645
0.1455	46.0321	45.0645
0.146	46.0322	45.0645
0.1465	46.0322	45.0646
0.147	46.0322	45.0646
0.1475	46.0323	45.0646
0.148	46.0323	45.0647
0.1485	46.0323	45.0647
0.149	46.0324	45.0647
0.1495	46.0324	45.0648
0.15	46.0324	45.0648
0.1505	46.0325	45.0648
0.151	46.0325	45.0648
0.1515	46.0325	45.0649
0.152	46.0326	45.0649
0.1525	46.0326	45.0649
0.153	46.0326	45.065
0.1535	46.0327	45.065
0.154	46.0327	45.065
0.1545	46.0327	45.0651
0.155	46.0328	45.0651
0.1555	46.0328	45.0651
0.156	46.0328	45.0651
0.1565	46.0329	45.0652
0.157	46.0329	45.0652
0.1575	46.0329	45.0652
0.158	46.033	45.0653
0.1585	46.033	45.0653
0.159	46.033	45.0653
0.1595	46.0331	45.0653
0.16	46.0331	45.0654
0.1605	46.0331	45.0654
0.161	46.0332	45.0654
0.1615	46.0332	45.0654
0.162	46.0332	45.0655
0.1625	46.0333	45.0655
0.163	46.0333	45.0655
0.1635	46.0333	45.0656
0.164	46.0334	45.0656
0.1645	46.0334	45.0656
0.165	46.0334	45.0656
0.1655	46.0335	45.0657
0.166	46.0335	45.0657
0.1665	46.0335	45.0657
0.167	46.0336	45.0657
0.1675	46.0336	45.0658
0.168	46.0336	45.0658
0.1685	46.0336	45.0658
0.169	46.0337	45.0659
0.1695	46.0337	45.0659
0.17	46.0337	45.0659
0.1705	46.0338	45.0659
0.171	46.0338	45.066
0.1715	46.0338	45.066
0.172	46.0339	45.066
0.1725	46.0339	45.066
0.173	46.0339	45.0661
0.1735	46.034	45.0661
0.174	46.034	45.0661
0.1745	46.034	45.0661
0.175	46.034	45.0662
0.1755	46.0341	45.0662
0.176	46.0341	45.0662
0.1765	46.0341	45.0662
0.177	46.0342	45.0663
0.1775	46.0342	45.0663
0.178	46.0342	45.0663
0.1785	46.0342	45.0663
0.179	46.0343	45.0664
0.1795	46.0343	45.0664
0.18	46.0343	45.0664
0.1805	46.0344	45.0664
0.181	46.0344	45.0665
0.1815	46.0344	45.0665
0.182	46.0344	45.0665
0.1825	46.0345	45.0665
0.183	46.0345	45.0666
0.1835	46.0345	45.0666
0.184	46.0346	45.0666
0.1845	46.0346	45.0666
0.185	46.0346	45.0667
0.1855	46.0346	45.0667
0.186	46.0347	45.0667
0.1865	46.0347	45.0667
0.187	46.0347	45.0667
0.1875	46.0348	45.0668
0.188	46.0348	45.0668
0.1885	46.0348	45.0668
0.189	46.0348	45.0668
0.1895	46.0349	45.0669
0.19	46.0349	45.0669
0.1905	46.0349	45.0669
0.191	46.035	45.0669
0.1915	46.035	45.067
0.192	46.035	45.067
0.1925	46.035	45.067
0.193	46.0351	45.067
0.1935	46.0351	45.0671
0.194	46.0351	45.0671
0.1945	46.0351	45.0671
0.195	46.0352	45.0671
0.1955	46.0352	45.0671
0.196	46.0352	45.0672
0.1965	46.0353	45.0672
0.197	46.0353	45.0672
0.1975	46.0353	45.0672
0.198	46.0353	45.0673
0.1985	46.0354	45.0673
0.199	46.0354	45.0673
0.1995	46.0354	45.0673
0.2	46.0354	45.0673
0.2005	46.0355	45.0674
0.201	46.0355	45.0674
0.2015	46.0355	45.0674
0.202	46.0355	45.0674
0.2025	46.0356	45.0675
0.203	46.0356	45.0675
0.2035	46.0356	45.0675
0.204	46.0357	45.0675
0.2045	46.0357	45.0675
0.205	46.0357	45.0676
0.2055	46.0357	45.0676
0.206	46.0358	45.0676
0.2065	46.0358	45.0676
0.207	46.0358	45.0677
0.2075	46.0358	45.0677
0.208	46.0359	45.0677
0.2085	46.0359	45.0677
0.209	46.0359	45.0677
0.2095	46.0359	45.0678
0.21	46.036	45.0678
0.2105	46.036	45.0678
0.211	46.036	45.0678
0.2115	46.036	45.0679
0.212	46.0361	45.0679
0.2125	46.0361	45.0679
0.213	46.0361	45.0679
0.2135	46.0361	45.0679
0.214	46.0362	45.068
0.2145	46.0362	45.068
0.215	46.0362	45.068
0.2155	46.0362	45.068
0.216	46.0363	45.0681
0.2165	46.0363	45.0681
0.217	46.0363	45.0681
0.2175	46.0364	45.0681
0.218	46.0364	45.0681
0.2185	46.0364	45.0682
0.219	46.0364	45.0682
0.2195	46.0365	45.0682
0.22	46.0365	45.0682
0.2205	46.0365	45.0682
0.221	46.0365	45.0683
0.2215	46.0366	45.0683
0.222	46.0366	45.0683
0.2225	46.0366	45.0683
0.223	46.0366	45.0684
0.2235	46.0367	45.0684
0.224	46.0367	45.0684
0.2245	46.0367	45.0684
0.225	46.0367	45.0684
0.2255	46.0368	45.0685
0.226	46.0368	45.0685
0.2265	46.0368	45.0685
0.227	46.0368	45.0685
0.2275	46.0369	45.0685
0.228	46.0369	45.0686
0.2285	46.0369	45.0686
0.229	46.0369	45.0686
0.2295	46.037	45.0686
0.23	46.037	45.0686
0.2305	46.037	45.0687
0.231	46.037	45.0687
0.2315	46.0371	45.0687
0.232	46.0371	45.0687
0.2325	46.0371	45.0688
0.233	46.0371	45.0688
0.2335	46.0372	45.0688
0.234	46.0372	45.0688
0.2345	46.0372	45.0688
0.235	46.0372	45.0689
0.2355	46.0372	45.0689
0.236	46.0373	45.0689
0.2365	46.0373	45.0689
0.237	46.0373	45.0689
0.2375	46.0373	45.069
0.238	46.0374	45.069
0.2385	46.0374	45.069
0.239	46.0374	45.069
0.2395	46.0374	45.069
0.24	46.0375	45.0691
0.2405	46.0375	45.0691
0.241	46.0375	45.0691
0.2415	46.0375	45.0691
0.242	46.0376	45.0691
0.2425	46.0376	45.0692
0.243	46.0376	45.0692
0.2435	46.0376	45.0692
0.244	46.0377	45.0692
0.2445	46.0377	45.0692
0.245	46.0377	45.0693
0.2455	46.0377	45.0693
0.246	46.0378	45.0693
0.2465	46.0378	45.0693
0.247	46.0378	45.0693
0.2475	46.0378	45.0694
0.248	46.0379	45.0694
0.2485	46.0379	45.0694
0.249	46.0379	45.0694
0.2495	46.0379	45.0694
0.25	46.0379	45.0695
0.2505	46.038	45.0695
0.251	46.038	45.0695
0.2515	46.038	45.0695
0.252	46.038	45.0695
0.2525	46.0381	45.0696
0.253	46.0381	45.0696
0.2535	46.0381	45.0696
0.254	46.0381	45.0696
0.2545	46.0382	45.0696
0.255	46.0382	45.0697
0.2555	46.0382	45.0697
0.256	46.0382	45.0697
0.2565	46.0383	45.0697
0.257	46.0383	45.0697
0.2575	46.0383	45.0698
0.258	46.0383	45.0698
0.2585	46.0384	45.0698
0.259	46.0384	45.0698
0.2595	46.0384	45.0698
0.26	46.0384	45.0699
0.2605	46.0384	45.0699
0.261	46.0385	45.0699
0.2615	46.0385	45.0699
0.262	46.0385	45.0699
0.2625	46.0385	45.07
0.263	46.0386	45.07
0.2635	46.0386	45.07
0.264	46.0386	45.07
0.2645	46.0386	45.07
0.265	46.0387	45.0701
0.2655	46.0387	45.0701
0.266	46.0387	45.0701
0.2665	46.0387	45.0701
0.267	46.0387	45.0701
0.2675	46.0388	45.0702
0.268	46.0388	45.0702
0.2685	46.0388	45.0702
0.269	46.0388	45.0702
0.2695	46.0389	45.0702
0.27	46.0389	45.0703
0.2705	46.0389	45.0703
0.271	46.0389	45.0703
0.2715	46.039	45.0703
0.272	46.039	45.0703
0.2725	46.039	45.0704
0.273	46.039	45.0704
0.2735	46.039	45.0704
0.274	46.0391	45.0704
0.2745	46.0391	45.0704
0.275	46.0391	45.0705
0.2755	46.0391	45.0705
0.276	46.0392	45.0705
0.2765	46.0392	45.0705
0.277	46.0392	45.0705
0.2775	46.0392	45.0706
0.278	46.0393	45.0706
0.2785	46.0393	45.0706
0.279	46.0393	45.0706
0.2795	46.0393	45.0706
0.28	46.0393	45.0706
0.2805	46.0394	45.0707
0.281	46.0394	45.0707
0.2815	46.0394	45.0707
0.282	46.0394	45.0707
0.2825	46.0395	45.0707
0.283	46.0395	45.0708
0.2835	46.0395	45.0708
0.284	46.0395	45.0708
0.2845	46.0396	45.0708
0.285	46.0396	45.0708
0.2855	46.0396	45.0709
0.286	46.0396	45.0709
0.2865	46.0396	45.0709
0.287	46.0397	45.0709
0.2875	46.0397	45.0709
0.288	46.0397	45.071
0.2885	46.0397	45.071
0.289	46.0398	45.071
0.2895	46.0398	45.071
0.29	46.0398	45.071
0.2905	46.0398	45.0711
0.291	46.0398	45.0711
0.2915	46.0399	45.0711
0.292	46.0399	45.0711
0.2925	46.0399	45.0711
0.293	46.0399	45.0711
0.2935	46.04	45.0712
0.294	46.04	45.0712
0.2945	46.04	45.0712
0.295	46.04	45.0712
0.2955	46.04	45.0712
0.296	46.0401	45.0713
0.2965	46.0401	45.0713
0.297	46.0401	45.0713
0.2975	46.0401	45.0713
0.298	46.0402	45.0713
0.2985	46.0402	45.0714
0.299	46.0402	45.0714
0.2995	46.0402	45.0714
0.3	46.0402	45.0714
0.3005	45.6472	45.0702
0.301	45.4533	45.0681
0.3015	45.3476	45.0662
0.302	45.2839	45.0643
0.3025	45.2414	45.0626
0.303	45.2107	45.0609
0.3035	45.1873	45.0593
0.304	45.1687	45.0577
0.3045	45.1536	45.0562
0.305	45.1411	45.0548
0.3055	45.1308	45.0535
0.306	45.1222	45.0523
0.3065	45.1149	45.0511
0.307	45.1088	45.0501
0.3075	45.1035	45.0491
0.308	45.099	45.0483
0.3085	45.095	45.0475
0.309	45.0916	45.0467
0.3095	45.0886	45.0461
0.31	45.0859	45.0454
0.3105	45.0836	45.0449
0.311	45.0814	45.0443
0.3115	45.0795	45.0438
0.312	45.0777	45.0434
0.3125	45.076	45.0429
0.313	45.0745	45.0425
0.3135	45.073	45.0421
0.314	45.0717	45.0417
0.3145	45.0704	45.0414
0.315	45.0692	45.041
0.3155	45.068	45.0407
0.316	45.0669	45.0403
0.3165	45.0658	45.04
0.317	45.0648	45.0397
0.3175	45.0638	45.0394
0.318	45.0628	45.039
0.3185	45.0619	45.0387
0.319	45.061	45.0384
0.3195	45.0601	45.0381
0.32	45.0592	45.0378
0.3205	45.0584	45.0376
0.321	45.0575	45.0373
0.3215	45.0567	45.037
0.322	45.056	45.0367
0.3225	45.0552	45.0364
0.323	45.0544	45.0361
0.3235	45.0537	45.0359
0.324	45.053	45.0356
0.3245	45.0523	45.0353
0.325	45.0516	45.035
0.3255	45.0509	45.0348
0.326	45.0502	45.0345
0.3265	45.0496	45.0342
0.327	45.049	45.034
0.3275	45.0483	45.0337
0.328	45.0477	45.0334
0.3285	45.0471	45.0332
0.329	45.0465	45.0329
0.3295	45.046	45.0327
0.33	45.0454	45.0324
0.3305	45.0448	45.0322
0.331	45.0443	45.0319
0.3315	45.0438	45.0317
0.332	45.0432	45.0314
0.3325	45.0427	45.0312
0.333	45.0422	45.0309
0.3335	45.0417	45.0307
0.334	45.0412	45.0305
0.3345	45.0408	45.0302
0.335	45.0403	45.03
0.3355	45.0398	45.0298
0.336	45.0394	45.0295
0.3365	45.039	45.0293
0.337	45.0385	45.0291
0.3375	45.0381	45.0289
0.338	45.0377	45.0286
0.3385	45.0373	45.0284
0.339	45.0369	45.0282
0.3395	45.0365	45.028
0.34	45.0361	45.0278
0.3405	45.0357	45.0276
0.341	45.0353	45.0274
0.3415	45.035	45.0272
0.342	45.0346	45.027
0.3425	45.0343	45.0268
0.343	45.0339	45.0266
0.3435	45.0336	45.0264
0.344	45.0333	45.0262
0.3445	45.0329	45.026
0.345	45.0326	45.0258
0.3455	45.0323	45.0256
0.346	45.032	45.0254
0.3465	45.0317	45.0252
0.347	45.0314	45.025
0.3475	45.0311	45.0249
0.348	45.0308	45.0247
0.3485	45.0305	45.0245
0.349	45.0302	45.0243
0.3495	45.03	45.0242
0.35	45.0297	45.024
0.3505	45.0294	45.0238
0.351	45.0292	45.0237
0.3515	45.0289	45.0235
0.352	45.0287	45.0233
0.3525	45.0284	45.0232
0.353	45.0282	45.023
0.3535	45.028	45.0229
0.354	45.0277	45.0227
0.3545	45.0275	45.0226
0.355	45.0273	45.0224
0.3555	45.027	45.0223
0.356	45.0268	45.0221
0.3565	45.0266	45.022
0.357	45.0264	45.0218
0.3575	45.0262	45.0217
0.358	45.026	45.0215
0.3585	45.0258	45.0214
0.359	45.0256	45.0213
0.3595	45.0254	45.0211
0.36	45.0252	45.021
0.3605	45.025	45.0209
0.361	45.0249	45.0207
0.3615	45.0247	45.0206
0.362	45.0245	45.0205
0.3625	45.0243	45.0204
0.363	45.0242	45.0202
0.3635	45.024	45.0201
0.364	45.0238	45.02
0.3645	45.0237	45.0199
0.365	45.0235	45.0198
0.3655	45.0234	45.0196
0.366	45.0232	45.0195
0.3665	45.0231	45.0194
0.367	45.0229	45.0193
0.3675	45.0228	45.0192
0.368	45.0226	45.0191
0.3685	45.0225	45.019
0.369	45.0223	45.0189
0.3695	45.0222	45.0188
0.37	45.0221	45.0187
0.3705	45.0219	45.0186
0.371	45.0218	45.0185
0.3715	45.0217	45.0184
0.372	45.0215	45.0183
0.3725	45.0214	45.0182
0.373	45.0213	45.0181
0.3735	45.0212	45.018
0.374	45.0211	45.0179
0.3745	45.0209	45.0178
0.375	45.0208	45.0177
0.3755	45.0207	45.0176
0.376	45.0206	45.0175
0.3765	45.0205	45.0175
0.377	45.0204	45.0174
0.3775	45.0203	45.0173
0.378	45.0202	45.0172
0.3785	45.0201	45.0171
0.379	45.02	45.017
0.3795	45.0199	45.017
0.38	45.0198	45.0169
0.3805	45.0197	45.0168
0.381	45.0196	45.0167
0.3815	45.0195	45.0166
0.382	45.0194	45.0166
0.3825	45.0193	45.0165
0.383	45.0192	45.0164
0.3835	45.0191	45.0164
0.384	45.0191	45.0163
0.3845	45.019	45.0162
0.385	45.0189	45.0161
0.3855	45.0188	45.0161
0.386	45.0187	45.016
0.3865	45.0186	45.0159
0.387	45.0186	45.0159
0.3875	45.0185	45.0158
0.388	45.0184	45.0158
0.3885	45.0183	45.0157
0.389	45.0183	45.0156
0.3895	45.0182	45.0156
0.39	45.0181	45.0155
0.3905	45.0181	45.0154
0.391	45.018	45.0154
0.3915	45.0179	45.0153
0.392	45.0179	45.0153
0.3925	45.0178	45.0152
0.393	45.0177	45.0152
0.3935	45.0177	45.0151
0.394	45.0176	45.0151
0.3945	45.0175	45.015
0.395	45.0175	45.0149
0.3955	45.0174	45.0149
0.396	45.0173	45.0148
0.3965	45.0173	45.0148
0.397	45.0172	45.0147
0.3975	45.0172	45.0147
0.398	45.0171	45.0146
0.3985	45.0171	45.0146
0.399	45.017	45.0146
0.3995	45.017	45.0145
0.4	45.0169	45.0145
0.4005	45.0168	45.0144
0.401	45.0168	45.0144
0.4015	45.0167	45.0143
0.402	45.0167	45.0143
0.4025	45.0166	45.0142
0.403	45.0166	45.0142
0.4035	45.0165	45.0142
0.404	45.0165	45.0141
0.4045	45.0164	45.0141
0.405	45.0164	45.014
0.4055	45.0164	45.014
0.406	45.0163	45.0139
0.4065	45.0163	45.0139
0.407	45.0162	45.0139
0.4075	45.0162	45.0138
0.408	45.0161	45.0138
0.4085	45.0161	45.0138
0.409	45.0161	45.0137
0.4095	45.016	45.0137
0.41	45.016	45.0137
0.4105	45.0159	45.0136
0.411	45.0159	45.0136
0.4115	45.0159	45.0135
0.412	45.0158	45.0135
0.4125	45.0158	45.0135
0.413	45.0157	45.0134
0.4135	45.0157	45.0134
0.414	45.0157	45.0134
0.4145	45.0156	45.0134
0.415	45.0156	45.0133
0.4155	45.0156	45.0133
0.416	45.0155	45.0133
0.4165	45.0155	45.0132
0.417	45.0155	45.0132
0.4175	45.0154	45.0132
0.418	45.0154	45.0131
0.4185	45.0154	45.0131
0.419	45.0153	45.0131
0.4195	45.0153	45.0131
0.42	45.0153	45.013
0.4205	45.0152	45.013
0.421	45.0152	45.013
0.4215	45.0152	45.0129
0.422	45.0151	45.0129
0.4225	45.0151	45.0129
0.423	45.0151	45.0129
0.4235	45.0151	45.0128
0.424	45.015	45.0128
0.4245	45.015	45.0128
0.425	45.015	45.0128
0.4255	45.0149	45.0127
0.426	45.0149	45.0127
0.4265	45.0149	45.0127
0.427	45.0149	45.0127
0.4275	45.0148	45.0126
0.428	45.0148	45.0126
0.4285	45.0148	45.0126
0.429	45.0148	45.0126
0.4295	45.0147	45.0126
0.43	45.0147	45.0125
0.4305	45.0147	45.0125
0.431	45.0147	45.0125
0.4315	45.0146	45.0125
0.432	45.0146	45.0125
0.4325	45.0146	45.0124
0.433	45.0146	45.0124
0.4335	45.0145	45.0124
0.434	45.0145	45.0124
0.4345	45.0145	45.0123
0.435	45.0145	45.0123
0.4355	45.0145	45.0123
0.436	45.0144	45.0123
0.4365	45.0144	45.0123
0.437	45.0144	45.0123
0.4375	45.0144	45.0122
0.438	45.0143	45.0122
0.4385	45.0143	45.0122
0.439	45.0143	45.0122
0.4395	45.0143	45.0122
0.44	45.0143	45.0121
0.4405	45.0142	45.0121
0.441	45.0142	45.0121
0.4415	45.0142	45.0121
0.442	45.0142	45.0121
0.4425	45.0142	45.0121
0.443	45.0142	45.012
0.4435	45.0141	45.012
0.444	45.0141	45.012
0.4445	45.0141	45.012
0.445	45.0141	45.012
0.4455	45.0141	45.012
0.446	45.014	45.0119
0.4465	45.014	45.0119
0.447	45.014	45.0119
0.4475	45.014	45.0119
0.448	45.014	45.0119
0.4485	45.014	45.0119
0.449	45.0139	45.0119
0.4495	45.0139	45.0118
0.45	45.0139	45.0118
0.4505	45.0139	45.0118
0.451	45.0139	45.0118
0.4515	45.0139	45.0118
0.452	45.0138	45.0118
0.4525	45.0138	45.0118
0.453	45.0138	45.0117
0.4535	45.0138	45.0117
0.454	45.0138	45.0117
0.4545	45.0138	45.0117
0.455	45.0137	45.0117
0.4555	45.0137	45.0117
0.456	45.0137	45.0117
0.4565	45.0137	45.0117
0.457	45.0137	45.0116
0.4575	45.0137	45.0116
0.458	45.0137	45.0116
0.4585	45.0136	45.0116
0.459	45.0136	45.0116
0.4595	45.0136	45.0116
0.46	45.0136	45.0116
0.4605	45.0136	45.0116
0.461	45.0136	45.0115
0.4615	45.0136	45.0115
0.462	45.0135	45.0115
0.4625	45.0135	45.0115
0.463	45.0135	45.0115
0.4635	45.0135	45.0115
0.464	45.0135	45.0115
0.4645	45.0135	45.0115
0.465	45.0135	45.0114
0.4655	45.0135	45.0114
0.466	45.0134	45.0114
0.4665	45.0134	45.0114
0.467	45.0134	45.0114
0.4675	45.0134	45.0114
0.468	45.0134	45.0114
0.4685	45.0134	45.0114
0.469	45.0134	45.0114
0.4695	45.0134	45.0114
0.47	45.0133	45.0113
0.4705	45.0133	45.0113
0.471	45.0133	45.0113
0.4715	45.0133	45.0113
0.472	45.0133	45.0113
0.4725	45.0133	45.0113
0.473	45.0133	45.0113
0.4735	45.0133	45.0113
0.474	45.0132	45.0113
0.4745	45.0132	45.0113
0.475	45.0132	45.0112
0.4755	45.0132	45.0112
0.476	45.0132	45.0112
0.4765	45.0132	45.0112
0.477	45.0132	45.0112
0.4775	45.0132	45.0112
0.478	45.0132	45.0112
0.4785	45.0131	45.0112
0.479	45.0131	45.0112
0.4795	45.0131	45.0112
0.48	45.0131	45.0111
0.4805	45.0131	45.0111
0.481	45.0131	45.0111
0.4815	45.0131	45.0111
0.482	45.0131	45.0111
0.4825	45.0131	45.0111
0.483	45.013	45.0111
0.4835	45.013	45.0111
0.484	45.013	45.0111
0.4845	45.013	45.0111
0.485	45.013	45.0111
0.4855	45.013	45.0111
0.486	45.013	45.011
0.4865	45.013	45.011
0.487	45.013	45.011
0.4875	45.013	45.011
0.488	45.0129	45.011
0.4885	45.0129	45.011
0.489	45.0129	45.011
0.4895	45.0129	45.011
0.49	45.0129	45.011
0.4905	45.0129	45.011
0.491	45.0129	45.011
0.4915	45.0129	45.011
0.492	45.0129	45.0109
0.4925	45.0129	45.0109
0.493	45.0128	45.0109
0.4935	45.0128	45.0109
0.494	45.0128	45.0109
0.4945	45.0128	45.0109
0.495	45.0128	45.0109
0.4955	45.0128	45.0109
0.496	45.0128	45.0109
0.4965	45.0128	45.0109
0.497	45.0128	45.0109
0.4975	45.0128	45.0109
0.498	45.0127	45.0109
0.4985	45.0127	45.0108
0.499	45.0127	45.0108
0.4995	45.0127	45.0108
0.5	45.0127	45.0108
0.5005	45.0127	45.0108
0.501	45.0127	45.0108
0.5015	45.0127	45.0108
0.502	45.0127	45.0108
0.5025	45.0127	45.0108
0.503	45.0127	45.0108
0.5035	45.0127	45.0108
0.504	45.0126	45.0108
0.5045	45.0126	45.0108
0.505	45.0126	45.0108
0.5055	45.0126	45.0107
0.506	45.0126	45.0107
0.5065	45.0126	45.0107
0.507	45.0126	45.0107
0.5075	45.0126	45.0107
0.508	45.0126	45.0107
0.5085	45.0126	45.0107
0.509	45.0126	45.0107
0.5095	45.0125	45.0107
0.51	45.0125	45.0107
0.5105	45.0125	45.0107
0.511	45.0125	45.0107
0.5115	45.0125	45.0107
0.512	45.0125	45.0107
0.5125	45.0125	45.0106
0.513	45.0125	45.0106
0.5135	45.0125	45.0106
0.514	45.0125	45.0106
0.5145	45.0125	45.0106
0.515	45.0125	45.0106
0.5155	45.0124	45.0106
0.516	45.0124	45.0106
0.5165	45.0124	45.0106
0.517	45.0124	45.0106
0.5175	45.0124	45.0106
0.518	45.0124	45.0106
0.5185	45.0124	45.0106
0.519	45.0124	45.0106
0.5195	45.0124	45.0106
0.52	45.0124	45.0106
0.5205	45.0124	45.0105
0.521	45.0124	45.0105
0.5215	45.0123	45.0105
0.522	45.0123	45.0105
0.5225	45.0123	45.0105
0.523	45.0123	45.0105
0.5235	45.0123	45.0105
0.524	45.0123	45.0105
0.5245	45.0123	45.0105
0.525	45.0123	45.0105
0.5255	45.0123	45.0105
0.526	45.0123	45.0105
0.5265	45.0123	45.0105
0.527	45.0123	45.0105
0.5275	45.0123	45.0105
0.528	45.0122	45.0104
0.5285	45.0122	45.0104
0.529	45.0122	45.0104
0.5295	45.0122	45.0104
0.53	45.0122	45.0104
0.5305	45.0122	45.0104
0.531	45.0122	45.0104
0.5315	45.0122	45.0104
0.532	45.0122	45.0104
0.5325	45.0122	45.0104
0.533	45.0122	45.0104
0.5335	45.0122	45.0104
0.534	45.0122	45.0104
0.5345	45.0121	45.0104
0.535	45.0121	45.0104
0.5355	45.0121	45.0104
0.536	45.0121	45.0104
0.5365	45.0121	45.0103
0.537	45.0121	45.0103
0.5375	45.0121	45.0103
0.538	45.0121	45.0103
0.5385	45.0121	45.0103
0.539	45.0121	45.0103
0.5395	45.0121	45.0103
0.54	45.0121	45.0103
0.5405	45.0121	45.0103
0.541	45.0121	45.0103
0.5415	45.012	45.0103
0.542	45.012	45.0103
0.5425	45.012	45.0103
0.543	45.012	45.0103
0.5435	45.012	45.0103
0.544	45.012	45.0103
0.5445	45.012	45.0103
0.545	45.012	45.0102
0.5455	45.012	45.0102
0.546	45.012	45.0102
0.5465	45.012	45.0102
0.547	45.012	45.0102
0.5475	45.012	45.0102
0.548	45.0119	45.0102
0.5485	45.0119	45.0102
0.549	45.0119	45.0102
0.5495	45.0119	45.0102
0.55	45.0119	45.0102
0.5505	45.0119	45.0102
0.551	45.0119	45.0102
0.5515	45.0119	45.0102
0.552	45.0119	45.0102
0.5525	45.0119	45.0102
0.553	45.0119	45.0102
0.5535	45.0119	45.0102
0.554	45.0119	45.0101
0.5545	45.0119	45.0101
0.555	45.0118	45.0101
0.5555	45.0118	45.0101
0.556	45.0118	45.0101
0.5565	45.0118	45.0101
0.557	45.0118	45.0101
0.5575	45.0118	45.0101
0.558	45.0118	45.0101
0.5585	45.0118	45.0101
0.559	45.0118	45.0101
0.5595	45.0118	45.0101
0.56	45.0118	45.0101
0.5605	45.0118	45.0101
0.561	45.0118	45.0101
0.5615	45.0118	45.0101
0.562	45.0118	45.0101
0.5625	45.0117	45.0101
0.563	45.0117	45.01
0.5635	45.0117	45.01
0.564	45.0117	45.01
0.5645	45.0117	45.01
0.565	45.0117	45.01
0.5655	45.0117	45.01
0.566	45.0117	45.01
0.5665	45.0117	45.01
0.567	45.0117	45.01
0.5675	45.0117	45.01
0.568	45.0117	45.01
0.5685	45.0117	45.01
0.569	45.0117	45.01
0.5695	45.0116	45.01
0.57	45.0116	45.01
0.5705	45.0116	45.01
0.571	45.0116	45.01
0.5715	45.0116	45.01
0.572	45.0116	45.01
0.5725	45.0116	45.0099
0.573	45.0116	45.0099
0.5735	45.0116	45.0099
0.574	45.0116	45.0099
0.5745	45.0116	45.0099
0.575	45.0116	45.0099
0.5755	45.0116	45.0099
0.576	45.0116	45.0099
0.5765	45.0116	45.0099
0.577	45.0115	45.0099
0.5775	45.0115	45.0099
0.578	45.0115	45.0099
0.5785	45.0115	45.0099
0.579	45.0115	45.0099
0.5795	45.0115	45.0099
0.58	45.0115	45.0099
0.5805	45.0115	45.0099
0.581	45.0115	45.0099
0.5815	45.0115	45.0099
0.582	45.0115	45.0098
0.5825	45.0115	45.0098
0.583	45.0115	45.0098
0.5835	45.0115	45.0098
0.584	45.0115	45.0098
0.5845	45.0115	45.0098
0.585	45.0114	45.0098
0.5855	45.0114	45.0098
0.586	45.0114	45.0098
0.5865	45.0114	45.0098
0.587	45.0114	45.0098
0.5875	45.0114	45.0098
0.588	45.0114	45.0098
0.5885	45.0114	45.0098
0.589	45.0114	45.0098
0.5895	45.0114	45.0098
0.59	45.0114	45.0098
0.5905	45.0114	45.0098
0.591	45.0114	45.0098
0.5915	45.0114	45.0098
0.592	45.0114	45.0097
0.5925	45.0113	45.0097
0.593	45.0113	45.0097
0.5935	45.0113	45.0097
0.594	45.0113	45.0097
0.5945	45.0113	45.0097
0.595	45.0113	45.0097
0.5955	45.0113	45.0097
0.596	45.0113	45.0097
0.5965	45.0113	45.0097
0.597	45.0113	45.0097
0.5975	45.0113	45.0097
0.598	45.0113	45.0097
0.5985	45.0113	45.0097
0.599	45.0113	45.0097
0.5995	45.0113	45.0097
0.6	45.0113	45.0097
0.6005	45.0112	45.0097
0.601	45.0112	45.0097
0.6015	45.0112	45.0097
0.602	45.0112	45.0096
0.6025	45.0112	45.0096
0.603	45.0112	45.0096
0.6035	45.0112	45.0096
0.604	45.0112	45.0096
0.6045	45.0112	45.0096
0.605	45.0112	45.0096
0.6055	45.0112	45.0096
0.606	45.0112	45.0096
0.6065	45.0112	45.0096
0.607	45.0112	45.0096
0.6075	45.0112	45.0096
0.608	45.0112	45.0096
0.6085	45.0111	45.0096
0.609	45.0111	45.0096
0.6095	45.0111	45.0096
0.61	45.0111	45.0096
0.6105	45.0111	45.0096
0.611	45.0111	45.0096
0.6115	45.0111	45.0096
0.612	45.0111	45.0095
0.6125	45.0111	45.0095
0.613	45.0111	45.0095
0.6135	45.0111	45.0095
0.614	45.0111	45.0095
0.6145	45.0111	45.0095
0.615	45.0111	45.0095
0.6155	45.0111	45.0095
0.616	45.0111	45.0095
0.6165	45.011	45.0095
0.617	45.011	45.0095
0.6175	45.011	45.0095
0.618	45.011	45.0095
0.6185	45.011	45.0095
0.619	45.011	45.0095
0.6195	45.011	45.0095
0.62	45.011	45.0095
0.6205	45.011	45.0095
0.621	45.011	45.0095
0.6215	45.011	45.0095
0.622	45.011	45.0095
0.6225	45.011	45.0094
0.623	45.011	45.0094
0.6235	45.011	45.0094
0.624	45.011	45.0094
0.6245	45.0109	45.0094
0.625	45.0109	45.0094
0.6255	45.0109	45.0094
0.626	45.0109	45.0094
0.6265	45.0109	45.0094
0.627	45.0109	45.0094
0.6275	45.0109	45.0094
0.628	45.0109	45.0094
0.6285	45.0109	45.0094
0.629	45.0109	45.0094
0.6295	45.0109	45.0094
0.63	45.0109	45.0094
0.6305	45.0109	45.0094
0.631	45.0109	45.0094
0.6315	45.0109	45.0094
0.632	45.0109	45.0094
0.6325	45.0109	45.0094
0.633	45.0108	45.0093
0.6335	45.0108	45.0093
0.634	45.0108	45.0093
0.6345	45.0108	45.0093
0.635	45.0108	45.0093
0.6355	45.0108	45.0093
0.636	45.0108	45.0093
0.6365	45.0108	45.0093
0.637	45.0108	45.0093
0.6375	45.0108	45.0093
0.638	45.0108	45.0093
0.6385	45.0108	45.0093
0.639	45.0108	45.0093
0.6395	45.0108	45.0093
0.64	45.0108	45.0093
0.6405	45.0108	45.0093
0.641	45.0108	45.0093
0.6415	45.0107	45.0093
0.642	45.0107	45.0093
0.6425	45.0107	45.0093
0.643	45.0107	45.0093
0.6435	45.0107	45.0092
0.644	45.0107	45.0092
0.6445	45.0107	45.0092
0.645	45.0107	45.0092
0.6455	45.0107	45.0092
0.646	45.0107	45.0092
0.6465	45.0107	45.0092
0.647	45.0107	45.0092
0.6475	45.0107	45.0092
0.648	45.0107	45.0092
0.6485	45.0107	45.0092
0.649	45.0107	45.0092
0.6495	45.0107	45.0092
0.65	45.0106	45.0092
0.6505	45.0106	45.0092
0.651	45.0106	45.0092
0.6515	45.0106	45.0092
0.652	45.0106	45.0092
0.6525	45.0106	45.0092
0.653	45.0106	45.0092
0.6535	45.0106	45.0092
0.654	45.0106	45.0092
0.6545	45.0106	45.0091
0.655	45.0106	45.0091
0.6555	45.0106	45.0091
0.656	45.0106	45.0091
0.6565	45.0106	45.0091
0.657	45.0106	45.0091
0.6575	45.0106	45.0091
0.658	45.0106	45.0091
0.6585	45.0106	45.0091
0.659	45.0105	45.0091
0.6595	45.0105	45.0091
0.66	45.0105	45.0091
0.6605	45.0105	45.0091
0.661	45.0105	45.0091
0.6615	45.0105	45.0091
0.662	45.0105	45.0091
0.6625	45.0105	45.0091
0.663	45.0105	45.0091
0.6635	45.0105	45.0091
0.664	45.0105	45.0091
0.6645	45.0105	45.0091
0.665	45.0105	45.0091
0.6655	45.0105	45.0091
0.666	45.0105	45.009
0.6665	45.0105	45.009
0.667	45.0105	45.009
0.6675	45.0105	45.009
0.668	45.0104	45.009
0.6685	45.0104	45.009
0.669	45.0104	45.009
0.6695	45.0104	45.009
0.67	45.0104	45.009
0.6705	45.0104	45.009
0.671	45.0104	45.009
0.6715	45.0104	45.009
0.672	45.0104	45.009
0.6725	45.0104	45.009
0.673	45.0104	45.009
0.6735	45.0104	45.009
0.674	45.0104	45.009
0.6745	45.0104	45.009
0.675	45.0104	45.009
0.6755	45.0104	45.009
0.676	45.0104	45.009
0.6765	45.0104	45.009
0.677	45.0103	45.0089
0.6775	45.0103	45.0089
0.678	45.0103	45.0089
0.6785	45.0103	45.0089
0.679	45.0103	45.0089
0.6795	45.0103	45.0089
0.68	45.0103	45.0089
0.6805	45.0103	45.0089
0.681	45.0103	45.0089
0.6815	45.0103	45.0089
0.682	45.0103	45.0089
0.6825	45.0103	45.0089
0.683	45.0103	45.0089
0.6835	45.0103	45.0089
0.684	45.0103	45.0089
0.6845	45.0103	45.0089
0.685	45.0103	45.0089
0.6855	45.0103	45.0089
0.686	45.0102	45.0089
0.6865	45.0102	45.0089
0.687	45.0102	45.0089
0.6875	45.0102	45.0089
0.688	45.0102	45.0089
0.6885	45.0102	45.0088
0.689	45.0102	45.0088
0.6895	45.0102	45.0088
0.69	45.0102	45.0088
0.6905	45.0102	45.0088
0.691	45.0102	45.0088
0.6915	45.0102	45.0088
0.692	45.0102	45.0088
0.6925	45.0102	45.0088
0.693	45.0102	45.0088
0.6935	45.0102	45.0088
0.694	45.0102	45.0088
0.6945	45.0102	45.0088
0.695	45.0102	45.0088
0.6955	45.0101	45.0088
0.696	45.0101	45.0088
0.6965	45.0101	45.0088
0.697	45.0101	45.0088
0.6975	45.0101	45.0088
0.698	45.0101	45.0088
0.6985	45.0101	45.0088
0.699	45.0101	45.0088
0.6995	45.0101	45.0088
0.7	45.0101	45.0088
0.7005	45.0101	45.0087
0.701	45.0101	45.0087
0.7015	45.0101	45.0087
0.702	45.0101	45.0087
0.7025	45.0101	45.0087
0.703	45.0101	45.0087
0.7035	45.0101	45.0087
0.704	45.0101	45.0087
0.7045	45.0101	45.0087
0.705	45.01	45.0087
0.7055	45.01	45.0087
0.706	45.01	45.0087
0.7065	45.01	45.0087
0.707	45.01	45.0087
0.7075	45.01	45.0087
0.708	45.01	45.0087
0.7085	45.01	45.0087
0.709	45.01	45.0087
0.7095	45.01	45.0087
0.71	45.01	45.0087
0.7105	45.01	45.0087
0.711	45.01	45.0087
0.7115	45.01	45.0087
0.712	45.01	45.0087
0.7125	45.01	45.0086
0.713	45.01	45.0086
0.7135	45.01	45.0086
0.714	45.01	45.0086
0.7145	45.0099	45.0086
0.715	45.0099	45.0086
0.7155	45.0099	45.0086
0.716	45.0099	45.0086
0.7165	45.0099	45.0086
0.717	45.0099	45.0086
0.7175	45.0099	45.0086
0.718	45.0099	45.0086
0.7185	45.0099	45.0086
0.719	45.0099	45.0086
0.7195	45.0099	45.0086
0.72	45.0099	45.0086
0.7205	45.0099	45.0086
0.721	45.0099	45.0086
0.7215	45.0099	45.0086
0.722	45.0099	45.0086
0.7225	45.0099	45.0086
0.723	45.0099	45.0086
0.7235	45.0099	45.0086
0.724	45.0098	45.0086
0.7245	45.0098	45.0085
0.725	45.0098	45.0085
0.7255	45.0098	45.0085
0.726	45.0098	45.0085
0.7265	45.0098	45.0085
0.727	45.0098	45.0085
0.7275	45.0098	45.0085
0.728	45.0098	45.0085
0.7285	45.0098	45.0085
0.729	45.0098	45.0085
0.7295	45.0098	45.0085
0.73	45.0098	45.0085
0.7305	45.0098	45.0085
0.731	45.0098	45.0085
0.7315	45.0098	45.0085
0.732	45.0098	45.0085
0.7325	45.0098	45.0085
0.733	45.0098	45.0085
0.7335	45.0098	45.0085
0.734	45.0097	45.0085
0.7345	45.0097	45.0085
0.735	45.0097	45.0085
0.7355	45.0097	45.0085
0.736	45.0097	45.0085
0.7365	45.0097	45.0085
0.737	45.0097	45.0084
0.7375	45.0097	45.0084
0.738	45.0097	45.0084
0.7385	45.0097	45.0084
0.739	45.0097	45.0084
0.7395	45.0097	45.0084
0.74	45.0097	45.0084
0.7405	45.0097	45.0084
0.741	45.0097	45.0084
0.7415	45.0097	45.0084
0.742	45.0097	45.0084
0.7425	45.0097	45.0084
0.743	45.0097	45.0084
0.7435	45.0097	45.0084
0.744	45.0096	45.0084
0.7445	45.0096	45.0084
0.745	45.0096	45.0084
0.7455	45.0096	45.0084
0.746	45.0096	45.0084
0.7465	45.0096	45.0084
0.747	45.0096	45.0084
0.7475	45.0096	45.0084
0.748	45.0096	45.0084
0.7485	45.0096	45.0084
0.749	45.0096	45.0084
0.7495	45.0096	45.0084
0.75	45.0096	45.0083
0.7505	45.0096	45.0083
0.751	45.0096	45.0083
0.7515	45.0096	45.0083
0.752	45.0096	45.0083
0.7525	45.0096	45.0083
0.753	45.0096	45.0083
0.7535	45.0096	45.0083
0.754	45.0096	45.0083
0.7545	45.0095	45.0083
0.755	45.0095	45.0083
0.7555	45.0095	45.0083
0.756	45.0095	45.0083
0.7565	45.0095	45.0083
0.757	45.0095	45.0083
0.7575	45.0095	45.0083
0.758	45.0095	45.0083
0.7585	45.0095	45.0083
0.759	45.0095	45.0083
0.7595	45.0095	45.0083
0.76	45.0095	45.0083
0.7605	45.0095	45.0083
0.761	45.0095	45.0083
0.7615	45.0095	45.0083
0.762	45.0095	45.0083
0.7625	45.0095	45.0083
0.763	45.0095	45.0082
0.7635	45.0095	45.0082
0.764	45.0095	45.0082
0.7645	45.0095	45.0082
0.765	45.0094	45.0082
0.7655	45.0094	45.0082
0.766	45.0094	45.0082
0.7665	45.0094	45.0082
0.767	45.0094	45.0082
0.7675	45.0094	45.0082
0.768	45.0094	45.0082
0.7685	45.0094	45.0082
0.769	45.0094	45.0082
0.7695	45.0094	45.0082
0.77	45.0094	45.0082
0.7705	45.0094	45.0082
0.771	45.0094	45.0082
0.7715	45.0094	45.0082
0.772	45.0094	45.0082
0.7725	45.0094	45.0082
0.773	45.0094	45.0082
0.7735	45.0094	45.0082
0.774	45.0094	45.0082
0.7745	45.0094	45.0082
0.775	45.0094	45.0082
0.7755	45.0093	45.0082
0.776	45.0093	45.0081
0.7765	45.0093	45.0081
0.777	45.0093	45.0081
0.7775	45.0093	45.0081
0.778	45.0093	45.0081
0.7785	45.0093	45.0081
0.779	45.0093	45.0081
0.7795	45.0093	45.0081
0.78	45.0093	45.0081
0.7805	45.0093	45.0081
0.781	45.0093	45.0081
0.7815	45.0093	45.0081
0.782	45.0093	45.0081
0.7825	45.0093	45.0081
0.783	45.0093	45.0081
0.7835	45.0093	45.0081
0.784	45.0093	45.0081
0.7845	45.0093	45.0081
0.785	45.0093	45.0081
0.7855	45.0093	45.0081
0.786	45.0093	45.0081
0.7865	45.0092	45.0081
0.787	45.0092	45.0081
0.7875	45.0092	45.0081
0.788	45.0092	45.0081
0.7885	45.0092	45.0081
0.789	45.0092	45.0081
0.7895	45.0092	45.008
0.79	45.0092	45.008
0.7905	45.4023	45.0093
0.791	45.5962	45.0113
0.7915	45.7019	45.0133
0.792	45.7657	45.0152
0.7925	45.8082	45.0169
0.793	45.8389	45.0186
0.7935	45.8623	45.0203
0.794	45.8809	45.0219
0.7945	45.8961	45.0234
0.795	45.9085	45.0248
0.7955	45.9188	45.0261
0.796	45.9275	45.0274
0.7965	45.9348	45.0285
0.797	45.941	45.0296
0.7975	45.9462	45.0305
0.798	45.9508	45.0314
0.7985	45.9547	45.0322
0.799	45.9582	45.033
0.7995	45.9612	45.0337
0.8	45.9639	45.0343
0.8005	45.9663	45.0349
0.801	45.9684	45.0355
0.8015	45.9704	45.036
0.802	45.9722	45.0365
0.8025	45.9739	45.0369
0.803	45.9754	45.0373
0.8035	45.9769	45.0378
0.804	45.9783	45.0382
0.8045	45.9796	45.0385
0.805	45.9808	45.0389
0.8055	45.982	45.0393
0.806	45.9831	45.0396
0.8065	45.9842	45.04
0.807	45.9853	45.0403
0.8075	45.9863	45.0406
0.808	45.9873	45.0409
0.8085	45.9882	45.0413
0.809	45.9892	45.0416
0.8095	45.9901	45.0419
0.81	45.9909	45.0422
0.8105	45.9918	45.0425
0.811	45.9926	45.0428
0.8115	45.9935	45.0431
0.812	45.9943	45.0434
0.8125	45.9951	45.0437
0.813	45.9958	45.044
0.8135	45.9966	45.0443
0.814	45.9973	45.0446
0.8145	45.998	45.0449
0.815	45.9988	45.0452
0.8155	45.9994	45.0455
0.816	46.0001	45.0457
0.8165	46.0008	45.046
0.817	46.0014	45.0463
0.8175	46.0021	45.0466
0.818	46.0027	45.0469
0.8185	46.0033	45.0471
0.819	46.0039	45.0474
0.8195	46.0045	45.0477
0.82	46.0051	45.0479
0.8205	46.0057	45.0482
0.821	46.0062	45.0485
0.8215	46.0068	45.0487
0.822	46.0073	45.049
0.8225	46.0079	45.0492
0.823	46.0084	45.0495
0.8235	46.0089	45.0498
0.824	46.0094	45.05
0.8245	46.0099	45.0503
0.825	46.0104	45.0505
0.8255	46.0108	45.0508
0.826	46.0113	45.051
0.8265	46.0118	45.0512
0.827	46.0122	45.0515
0.8275	46.0127	45.0517
0.828	46.0131	45.0519
0.8285	46.0135	45.0522
0.829	46.0139	45.0524
0.8295	46.0143	45.0526
0.83	46.0147	45.0529
0.8305	46.0151	45.0531
0.831	46.0155	45.0533
0.8315	46.0159	45.0535
0.832	46.0163	45.0537
0.8325	46.0167	45.054
0.833	46.017	45.0542
0.8335	46.0174	45.0544
0.834	46.0177	45.0546
0.8345	46.0181	45.0548
0.835	46.0184	45.055
0.8355	46.0187	45.0552
0.836	46.0191	45.0554
0.8365	46.0194	45.0556
0.837	46.0197	45.0558
0.8375	46.02	45.056
0.838	46.0203	45.0562
0.8385	46.0206	45.0564
0.839	46.0209	45.0566
0.8395	46.0212	45.0567
0.84	46.0215	45.0569
0.8405	46.0218	45.0571
0.841	46.022	45.0573
0.8415	46.0223	45.0575
0.842	46.0226	45.0576
0.8425	46.0228	45.0578
0.843	46.0231	45.058
0.8435	46.0233	45.0582
0.844	46.0236	45.0583
0.8445	46.0238	45.0585
0.845	46.0241	45.0587
0.8455	46.0243	45.0588
0.846	46.0245	45.059
0.8465	46.0248	45.0591
0.847	46.025	45.0593
0.8475	46.0252	45.0595
0.848	46.0254	45.0596
0.8485	46.0257	45.0598
0.849	46.0259	45.0599
0.8495	46.0261	45.0601
0.85	46.0263	45.0602
0.8505	46.0265	45.0604
0.851	46.0267	45.0605
0.8515	46.0269	45.0606
0.852	46.0271	45.0608
0.8525	46.0273	45.0609
0.853	46.0274	45.0611
0.8535	46.0276	45.0612
0.854	46.0278	45.0613
0.8545	46.028	45.0615
0.855	46.0282	45.0616
0.8555	46.0283	45.0617
0.856	46.0285	45.0619
0.8565	46.0287	45.062
0.857	46.0288	45.0621
0.8575	46.029	45.0622
0.858	46.0292	45.0624
0.8585	46.0293	45.0625
0.859	46.0295	45.0626
0.8595	46.0296	45.0627
0.86	46.0298	45.0628
0.8605	46.0299	45.0629
0.861	46.0301	45.0631
0.8615	46.0302	45.0632
0.862	46.0304	45.0633
0.8625	46.0305	45.0634
0.863	46.0306	45.0635
0.8635	46.0308	45.0636
0.864	46.0309	45.0637
0.8645	46.031	45.0638
0.865	46.0312	45.0639
0.8655	46.0313	45.064
0.866	46.0314	45.0641
0.8665	46.0315	45.0642
0.867	46.0317	45.0643
0.8675	46.0318	45.0644
0.868	46.0319	45.0645
0.8685	46.032	45.0646
0.869	46.0321	45.0647
0.8695	46.0323	45.0648
0.87	46.0324	45.0649
0.8705	46.0325	45.065
0.871	46.0326	45.0651
0.8715	46.0327	45.0652
0.872	46.0328	45.0653
0.8725	46.0329	45.0653
0.873	46.033	45.0654
0.8735	46.0331	45.0655
0.874	46.0332	45.0656
0.8745	46.0333	45.0657
0.875	46.0334	45.0658
0.8755	46.0335	45.0659
0.876	46.0336	45.0659
0.8765	46.0337	45.066
0.877	46.0338	45.0661
0.8775	46.0339	45.0662
0.878	46.034	45.0662
0.8785	46.0341	45.0663
0.879	46.0342	45.0664
0.8795	46.0343	45.0665
0.88	46.0344	45.0665
0.8805	46.0344	45.0666
0.881	46.0345	45.0667
0.8815	46.0346	45.0668
0.882	46.0347	45.0668
0.8825	46.0348	45.0669
0.883	46.0349	45.067
0.8835	46.0349	45.067
0.884	46.035	45.0671
0.8845	46.0351	45.0672
0.885	46.0352	45.0672
0.8855	46.0353	45.0673
0.886	46.0353	45.0674
0.8865	46.0354	45.0674
0.887	46.0355	45.0675
0.8875	46.0356	45.0676
0.888	46.0356	45.0676
0.8885	46.0357	45.0677
0.889	46.0358	45.0678
0.8895	46.0358	45.0678
0.89	46.0359	45.0679
0.8905	46.036	45.0679
0.891	46.036	45.068
0.8915	46.0361	45.068
0.892	46.0362	45.0681
0.8925	46.0362	45.0682
0.893	46.0363	45.0682
0.8935	46.0364	45.0683
0.894	46.0364	45.0683
0.8945	46.0365	45.0684
0.895	46.0366	45.0684
0.8955	46.0366	45.0685
0.896	46.0367	45.0685
0.8965	46.0367	45.0686
0.897	46.0368	45.0686
0.8975	46.0369	45.0687
0.898	46.0369	45.0688
0.8985	46.037	45.0688
0.899	46.037	45.0689
0.8995	46.0371	45.0689
0.9	46.0371	45.069
0.9005	46.0372	45.069
0.901	46.0373	45.069
0.9015	46.0373	45.0691
0.902	46.0374	45.0691
0.9025	46.0374	45.0692
0.903	46.0375	45.0692
0.9035	46.0375	45.0693
0.904	46.0376	45.0693
0.9045	46.0376	45.0694
0.905	46.0377	45.0694
0.9055	46.0377	45.0695
0.906	46.0378	45.0695
0.9065	46.0378	45.0696
0.907	46.0379	45.0696
0.9075	46.0379	45.0696
0.908	46.038	45.0697
0.9085	46.038	45.0697
0.909	46.0381	45.0698
0.9095	46.0381	45.0698
0.91	46.0382	45.0698
0.9105	46.0382	45.0699
0.911	46.0383	45.0699
0.9115	46.0383	45.07
0.912	46.0383	45.07
0.9125	46.0384	45.07
0.913	46.0384	45.0701
0.9135	46.0385	45.0701
0.914	46.0385	45.0702
0.9145	46.0386	45.0702
0.915	46.0386	45.0702
0.9155	46.0387	45.0703
0.916	46.0387	45.0703
0.9165	46.0387	45.0704
0.917	46.0388	45.0704
0.9175	46.0388	45.0704
0.918	46.0389	45.0705
0.9185	46.0389	45.0705
0.919	46.0389	45.0705
0.9195	46.039	45.0706
0.92	46.039	45.0706
0.9205	46.0391	45.0706
0.921	46.0391	45.0707
0.9215	46.0391	45.0707
0.922	46.0392	45.0707
0.9225	46.0392	45.0708
0.923	46.0393	45.0708
0.9235	46.0393	45.0708
0.924	46.0393	45.0709
0.9245	46.0394	45.0709
0.925	46.0394	45.0709
0.9255	46.0395	45.071
0.926	46.0395	45.071
0.9265	46.0395	45.071
0.927	46.0396	45.0711
0.9275	46.0396	45.0711
0.928	46.0396	45.0711
0.9285	46.0397	45.0712
0.929	46.0397	45.0712
0.9295	46.0397	45.0712
0.93	46.0398	45.0713
0.9305	46.0398	45.0713
0.931	46.0398	45.0713
0.9315	46.0399	45.0714
0.932	46.0399	45.0714
0.9325	46.0399	45.0714
0.933	46.04	45.0714
0.9335	46.04	45.0715
0.934	46.0401	45.0715
0.9345	46.0401	45.0715
0.935	46.0401	45.0716
0.9355	46.0402	45.0716
0.936	46.0402	45.0716
0.9365	46.0402	45.0716
0.937	46.0402	45.0717
0.9375	46.0403	45.0717
0.938	46.0403	45.0717
0.9385	46.0403	45.0718
0.939	46.0404	45.0718
0.9395	46.0404	45.0718
0.94	46.0404	45.0718
0.9405	46.0405	45.0719
0.941	46.0405	45.0719
0.9415	46.0405	45.0719
0.942	46.0406	45.072
0.9425	46.0406	45.072
0.943	46.0406	45.072
0.9435	46.0407	45.072
0.944	46.0407	45.0721
0.9445	46.0407	45.0721
0.945	46.0408	45.0721
0.9455	46.0408	45.0721
0.946	46.0408	45.0722
0.9465	46.0408	45.0722
0.947	46.0409	45.0722
0.9475	46.0409	45.0722
0.948	46.0409	45.0723
0.9485	46.041	45.0723
0.949	46.041	45.0723
0.9495	46.041	45.0723
0.95	46.041	45.0724
0.9505	46.0411	45.0724
0.951	46.0411	45.0724
0.9515	46.0411	45.0724
0.952	46.0412	45.0725
0.9525	46.0412	45.0725
0.953	46.0412	45.0725
0.9535	46.0412	45.0725
0.954	46.0413	45.0726
0.9545	46.0413	45.0726
0.955	46.0413	45.0726
0.9555	46.0414	45.0726
0.956	46.0414	45.0727
0.9565	46.0414	45.0727
0.957	46.0414	45.0727
0.9575	46.0415	45.0727
0.958	46.0415	45.0728
0.9585	46.0415	45.0728
0.959	46.0415	45.0728
0.9595	46.0416	45.0728
0.96	46.0416	45.0728
0.9605	46.0416	45.0729
0.961	46.0417	45.0729
0.9615	46.0417	45.0729
0.962	46.0417	45.0729
0.9625	46.0417	45.073
0.963	46.0418	45.073
0.9635	46.0418	45.073
0.964	46.0418	45.073
0.9645	46.0418	45.0731
0.965	46.0419	45.0731
0.9655	46.0419	45.0731
0.966	46.0419	45.0731
0.9665	46.0419	45.0731
0.967	46.042	45.0732
0.9675	46.042	45.0732
0.968	46.042	45.0732
0.9685	46.0421	45.0732
0.969	46.0421	45.0733
0.9695	46.0421	45.0733
0.97	46.0421	45.0733
0.9705	46.0422	45.0733
0.971	46.0422	45.0733
0.9715	46.0422	45.0734
0.972	46.0422	45.0734
0.9725	46.0423	45.0734
0.973	46.0423	45.0734
0.9735	46.0423	45.0734
0.974	46.0423	45.0735
0.9745	46.0424	45.0735
0.975	46.0424	45.0735
0.9755	46.0424	45.0735
0.976	46.0424	45.0736
0.9765	46.0425	45.0736
0.977	46.0425	45.0736
0.9775	46.0425	45.0736
0.978	46.0425	45.0736
0.9785	46.0426	45.0737
0.979	46.0426	45.0737
0.9795	46.0426	45.0737
0.98	46.0426	45.0737
0.9805	46.0426	45.0737
0.981	46.0427	45.0738
0.9815	46.0427	45.0738
0.982	46.0427	45.0738
0.9825	46.0427	45.0738
0.983	46.0428	45.0738
0.9835	46.0428	45.0739
0.984	46.0428	45.0739
0.9845	46.0428	45.0739
0.985	46.0429	45.0739
0.9855	46.0429	45.0739
0.986	46.0429	45.074
0.9865	46.0429	45.074
0.987	46.043	45.074
0.9875	46.043	45.074
0.988	46.043	45.074
0.9885	46.043	45.0741
0.989	46.0431	45.0741
0.9895	46.0431	45.0741
0.99	46.0431	45.0741
0.9905	46.0431	45.0741
0.991	46.0431	45.0742
0.9915	46.0432	45.0742
0.992	46.0432	45.0742
0.9925	46.0432	45.0742
0.993	46.0432	45.0742
0.9935	46.0433	45.0743
0.994	46.0433	45.0743
0.9945	46.0433	45.0743
0.995	46.0433	45.0743
0.9955	46.0434	45.0743
0.996	46.0434	45.0744
0.9965	46.0434	45.0744
0.997	46.0434	45.0744
0.9975	46.0434	45.0744
0.998	46.0435	45.0744
0.9985	46.0435	45.0745
0.999	46.0435	45.0745
0.9995	46.0435	45.0745
1	46.0436	45.0745
1.0005	46.0436	45.0745
1.001	46.0436	45.0746
1.0015	46.0436	45.0746
1.002	46.0437	45.0746
1.0025	46.0437	45.0746
1.003	46.0437	45.0746
1.0035	46.0437	45.0746
1.004	46.0437	45.0747
1.0045	46.0438	45.0747
1.005	46.0438	45.0747
1.0055	46.0438	45.0747
1.006	46.0438	45.0747
1.0065	46.0439	45.0748
1.007	46.0439	45.0748
1.0075	46.0439	45.0748
1.008	46.0439	45.0748
1.0085	46.0439	45.0748
1.009	46.044	45.0749
1.0095	46.044	45.0749
1.01	46.044	45.0749
1.0105	46.044	45.0749
1.011	46.0441	45.0749
1.0115	46.0441	45.075
1.012	46.0441	45.075
1.0125	46.0441	45.075
1.013	46.0441	45.075
1.0135	46.0442	45.075
1.014	46.0442	45.075
1.0145	46.0442	45.0751
1.015	46.0442	45.0751
1.0155	46.0443	45.0751
1.016	46.0443	45.0751
1.0165	46.0443	45.0751
1.017	46.0443	45.0752
1.0175	46.0443	45.0752
1.018	46.0444	45.0752
1.0185	46.0444	45.0752
1.019	46.0444	45.0752
1.0195	46.0444	45.0752
1.02	46.0444	45.0753
1.0205	46.0445	45.0753
1.021	46.0445	45.0753
1.0215	46.0445	45.0753
1.022	46.0445	45.0753
1.0225	46.0446	45.0754
1.023	46.0446	45.0754
1.0235	46.0446	45.0754
1.024	46.0446	45.0754
1.0245	46.0446	45.0754
1.025	46.0447	45.0754
1.0255	46.0447	45.0755
1.026	46.0447	45.0755
1.0265	46.0447	45.0755
1.027	46.0447	45.0755
1.0275	46.0448	45.0755
1.028	46.0448	45.0756
1.0285	46.0448	45.0756
1.029	46.0448	45.0756
1.0295	46.0449	45.0756
1.03	46.0449	45.0756
1.0305	46.0449	45.0756
1.031	46.0449	45.0757
1.0315	46.0449	45.0757
1.032	46.045	45.0757
1.0325	46.045	45.0757
1.033	46.045	45.0757
1.0335	46.045	45.0758
1.034	46.045	45.0758
1.0345	46.0451	45.0758
1.035	46.0451	45.0758
1.0355	46.0451	45.0758
1.036	46.0451	45.0758
1.0365	46.0451	45.0759
1.037	46.0452	45.0759
1.0375	46.0452	45.0759
1.038	46.0452	45.0759
1.0385	46.0452	45.0759
1.039	46.0453	45.0759
1.0395	46.0453	45.076
1.04	46.0453	45.076
1.0405	46.0453	45.076
1.041	46.0453	45.076
1.0415	46.0454	45.076
1.042	46.0454	45.0761
1.0425	46.0454	45.0761
1.043	46.0454	45.0761
1.0435	46.0454	45.0761
1.044	46.0455	45.0761
1.0445	46.0455	45.0761
1.045	46.0455	45.0762
1.0455	46.0455	45.0762
1.046	46.0455	45.0762
1.0465	46.0456	45.0762
1.047	46.0456	45.0762
1.0475	46.0456	45.0762
1.048	46.0456	45.0763
1.0485	46.0456	45.0763
1.049	46.0457	45.0763
1.0495	46.0457	45.0763
1.05	46.0457	45.0763
1.0505	46.0457	45.0763
1.051	46.0457	45.0764
1.0515	46.0458	45.0764
1.052	46.0458	45.0764
1.0525	46.0458	45.0764
1.053	46.0458	45.0764
1.0535	46.0459	45.0765
1.054	46.0459	45.0765
1.0545	46.0459	45.0765
1.055	46.0459	45.0765
1.0555	46.0459	45.0765
1.056	46.046	45.0765
1.0565	46.046	45.0766
1.057	46.046	45.0766
1.0575	46.046	45.0766
1.058	46.046	45.0766
1.0585	46.0461	45.0766
1.059	46.0461	45.0766
1.0595	46.0461	45.0767
1.06	46.0461	45.0767
1.0605	46.0461	45.0767
1.061	46.0462	45.0767
1.0615	46.0462	45.0767
1.062	46.0462	45.0767
1.0625	46.0462	45.0768
1.063	46.0462	45.0768
1.0635	46.0463	45.0768
1.064	46.0463	45.0768
1.0645	46.0463	45.0768
1.065	46.0463	45.0768
1.0655	46.0463	45.0769
1.066	46.0464	45.0769
1.0665	46.0464	45.0769
1.067	46.0464	45.0769
1.0675	46.0464	45.0769
1.068	46.0464	45.0769
1.0685	46.0465	45.077
1.069	46.0465	45.077
1.0695	46.0465	45.077
1.07	46.0465	45.077
1.0705	46.0465	45.077
1.071	46.0466	45.077
1.0715	46.0466	45.0771
1.072	46.0466	45.0771
1.0725	46.0466	45.0771
1.073	46.0466	45.0771
1.0735	46.0467	45.0771
1.074	46.0467	45.0771
1.0745	46.0467	45.0772
1.075	46.0467	45.0772
1.0755	46.0467	45.0772
1.076	46.0468	45.0772
1.0765	46.0468	45.0772
1.077	46.0468	45.0772
1.0775	46.0468	45.0773
1.078	46.0468	45.0773
1.0785	46.0469	45.0773
1.079	46.0469	45.0773
1.0795	46.0469	45.0773
1.08	46.0469	45.0773
1.0805	46.0469	45.0774
1.081	46.047	45.0774
1.0815	46.047	45.0774
1.082	46.047	45.0774
1.0825	46.047	45.0774
1.083	46.047	45.0774
1.0835	46.047	45.0775
1.084	46.0471	45.0775
1.0845	46.0471	45.0775
1.085	46.0471	45.0775
1.0855	46.0471	45.0775
1.086	46.0471	45.0775
1.0865	46.0472	45.0776
1.087	46.0472	45.0776
1.0875	46.0472	45.0776
1.088	46.0472	45.0776
1.0885	46.0472	45.0776
1.089	46.0473	45.0776
1.0895	46.0473	45.0777
1.09	46.0473	45.0777
1.0905	45.6542	45.0764
1.091	45.4603	45.0744
1.0915	45.3546	45.0724
1.092	45.2909	45.0706
1.0925	45.2484	45.0688
1.093	45.2178	45.0672
1.0935	45.1943	45.0655
1.094	45.1757	45.064
1.0945	45.1606	45.0625
1.095	45.1482	45.061
1.0955	45.1379	45.0597
1.096	45.1292	45.0585
1.0965	45.1219	45.0574
1.097	45.1158	45.0563
1.0975	45.1105	45.0554
1.098	45.106	45.0545
1.0985	45.1021	45.0537
1.099	45.0986	45.053
1.0995	45.0956	45.0523
1.1	45.0929	45.0517
1.1005	45.0906	45.0511
1.101	45.0884	45.0505
1.1015	45.0864	45.05
1.102	45.0847	45.0496
1.1025	45.083	45.0491
1.103	45.0815	45.0487
1.1035	45.08	45.0483
1.104	45.0787	45.0479
1.1045	45.0774	45.0476
1.105	45.0762	45.0472
1.1055	45.075	45.0469
1.106	45.0739	45.0465
1.1065	45.0728	45.0462
1.107	45.0718	45.0459
1.1075	45.0708	45.0455
1.108	45.0698	45.0452
1.1085	45.0688	45.0449
1.109	45.0679	45.0446
1.1095	45.067	45.0443
1.11	45.0662	45.044
1.1105	45.0653	45.0437
1.111	45.0645	45.0434
1.1115	45.0637	45.0432
1.112	45.0629	45.0429
1.1125	45.0621	45.0426
1.113	45.0614	45.0423
1.1135	45.0606	45.042
1.114	45.0599	45.0417
1.1145	45.0592	45.0415
1.115	45.0585	45.0412
1.1155	45.0578	45.0409
1.116	45.0572	45.0406
1.1165	45.0565	45.0404
1.117	45.0559	45.0401
1.1175	45.0552	45.0398
1.118	45.0546	45.0396
1.1185	45.054	45.0393
1.119	45.0534	45.0391
1.1195	45.0528	45.0388
1.12	45.0523	45.0385
1.1205	45.0517	45.0383
1.121	45.0512	45.038
1.1215	45.0506	45.0378
1.122	45.0501	45.0375
1.1225	45.0496	45.0373
1.123	45.0491	45.0371
1.1235	45.0486	45.0368
1.124	45.0481	45.0366
1.1245	45.0476	45.0363
1.125	45.0472	45.0361
1.1255	45.0467	45.0359
1.126	45.0463	45.0356
1.1265	45.0458	45.0354
1.127	45.0454	45.0352
1.1275	45.0449	45.035
1.128	45.0445	45.0347
1.1285	45.0441	45.0345
1.129	45.0437	45.0343
1.1295	45.0433	45.0341
1.13	45.0429	45.0339
1.1305	45.0426	45.0337
1.131	45.0422	45.0334
1.1315	45.0418	45.0332
1.132	45.0414	45.033
1.1325	45.0411	45.0328
1.133	45.0407	45.0326
1.1335	45.0404	45.0324
1.134	45.0401	45.0322
1.1345	45.0397	45.032
1.135	45.0394	45.0318
1.1355	45.0391	45.0317
1.136	45.0388	45.0315
1.1365	45.0385	45.0313
1.137	45.0382	45.0311
1.1375	45.0379	45.0309
1.138	45.0376	45.0307
1.1385	45.0373	45.0306
1.139	45.037	45.0304
1.1395	45.0368	45.0302
1.14	45.0365	45.03
1.1405	45.0362	45.0299
1.141	45.036	45.0297
1.1415	45.0357	45.0295
1.142	45.0354	45.0294
1.1425	45.0352	45.0292
1.143	45.035	45.029
1.1435	45.0347	45.0289
1.144	45.0345	45.0287
1.1445	45.0343	45.0286
1.145	45.034	45.0284
1.1455	45.0338	45.0283
1.146	45.0336	45.0281
1.1465	45.0334	45.028
1.147	45.0332	45.0278
1.1475	45.033	45.0277
1.148	45.0327	45.0276
1.1485	45.0325	45.0274
1.149	45.0323	45.0273
1.1495	45.0322	45.0271
1.15	45.032	45.027
1.1505	45.0318	45.0269
1.151	45.0316	45.0267
1.1515	45.0314	45.0266
1.152	45.0312	45.0265
1.1525	45.0311	45.0264
1.153	45.0309	45.0262
1.1535	45.0307	45.0261
1.154	45.0305	45.026
1.1545	45.0304	45.0259
1.155	45.0302	45.0257
1.1555	45.0301	45.0256
1.156	45.0299	45.0255
1.1565	45.0298	45.0254
1.157	45.0296	45.0253
1.1575	45.0295	45.0252
1.158	45.0293	45.0251
1.1585	45.0292	45.0249
1.159	45.029	45.0248
1.1595	45.0289	45.0247
1.16	45.0287	45.0246
1.1605	45.0286	45.0245
1.161	45.0285	45.0244
1.1615	45.0283	45.0243
1.162	45.0282	45.0242
1.1625	45.0281	45.0241
1.163	45.028	45.024
1.1635	45.0278	45.0239
1.164	45.0277	45.0238
1.1645	45.0276	45.0237
1.165	45.0275	45.0237
1.1655	45.0274	45.0236
1.166	45.0273	45.0235
1.1665	45.0272	45.0234
1.167	45.027	45.0233
1.1675	45.0269	45.0232
1.168	45.0268	45.0231
1.1685	45.0267	45.023
1.169	45.0266	45.023
1.1695	45.0265	45.0229
1.17	45.0264	45.0228
1.1705	45.0263	45.0227
1.171	45.0262	45.0226
1.1715	45.0261	45.0226
1.172	45.026	45.0225
1.1725	45.0259	45.0224
1.173	45.0259	45.0223
1.1735	45.0258	45.0223
1.174	45.0257	45.0222
1.1745	45.0256	45.0221
1.175	45.0255	45.022
1.1755	45.0254	45.022
1.176	45.0253	45.0219
1.1765	45.0253	45.0218
1.177	45.0252	45.0218
1.1775	45.0251	45.0217
1.178	45.025	45.0216
1.1785	45.0249	45.0216
1.179	45.0249	45.0215
1.1795	45.0248	45.0214
1.18	45.0247	45.0214
1.1805	45.0246	45.0213
1.181	45.0246	45.0213
1.1815	45.0245	45.0212
1.182	45.0244	45.0211
1.1825	45.0244	45.0211
1.183	45.0243	45.021
1.1835	45.0242	45.021
1.184	45.0242	45.0209
1.1845	45.0241	45.0209
1.185	45.024	45.0208
1.1855	45.024	45.0208
1.186	45.0239	45.0207
1.1865	45.0238	45.0206
1.187	45.0238	45.0206
1.1875	45.0237	45.0205
1.188	45.0237	45.0205
1.1885	45.0236	45.0204
1.189	45.0235	45.0204
1.1895	45.0235	45.0203
1.19	45.0234	45.0203
1.1905	45.0234	45.0202
1.191	45.0233	45.0202
1.1915	45.0233	45.0202
1.192	45.0232	45.0201
1.1925	45.0232	45.0201
1.193	45.0231	45.02
1.1935	45.0231	45.02
1.194	45.023	45.0199
1.1945	45.023	45.0199
1.195	45.0229	45.0198
1.1955	45.0229	45.0198
1.196	45.0228	45.0198
1.1965	45.0228	45.0197
1.197	45.0227	45.0197
1.1975	45.0227	45.0196
1.198	45.0226	45.0196
1.1985	45.0226	45.0196
1.199	45.0225	45.0195
1.1995	45.0225	45.0195
1.2	45.0225	45.0194
1.2005	45.0224	45.0194
1.201	45.0224	45.0194
1.2015	45.0223	45.0193
1.202	45.0223	45.0193
1.2025	45.0223	45.0193
1.203	45.0222	45.0192
1.2035	45.0222	45.0192
1.204	45.0221	45.0192
1.2045	45.0221	45.0191
1.205	45.0221	45.0191
1.2055	45.022	45.0191
1.206	45.022	45.019
1.2065	45.022	45.019
1.207	45.0219	45.019
1.2075	45.0219	45.0189
1.208	45.0218	45.0189
1.2085	45.0218	45.0189
1.209	45.0218	45.0188
1.2095	45.0217	45.0188
1.21	45.0217	45.0188
1.2105	45.0217	45.0188
1.211	45.0216	45.0187
1.2115	45.0216	45.0187
1.212	45.0216	45.0187
1.2125	45.0215	45.0186
1.213	45.0215	45.0186
1.2135	45.0215	45.0186
1.214	45.0215	45.0186
1.2145	45.0214	45.0185
1.215	45.0214	45.0185
1.2155	45.0214	45.0185
1.216	45.0213	45.0185
1.2165	45.0213	45.0184
1.217	45.0213	45.0184
1.2175	45.0212	45.0184
1.218	45.0212	45.0183
1.2185	45.0212	45.0183
1.219	45.0212	45.0183
1.2195	45.0211	45.0183
1.22	45.0211	45.0183
1.2205	45.0211	45.0182
1.221	45.0211	45.0182
1.2215	45.021	45.0182
1.222	45.021	45.0182
1.2225	45.021	45.0181
1.223	45.021	45.0181
1.2235	45.0209	45.0181
1.224	45.0209	45.0181
1.2245	45.0209	45.018
1.225	45.0209	45.018
1.2255	45.0208	45.018
1.226	45.0208	45.018
1.2265	45.0208	45.018
1.227	45.0208	45.0179
1.2275	45.0207	45.0179
1.228	45.0207	45.0179
1.2285	45.0207	45.0179
1.229	45.0207	45.0179
1.2295	45.0206	45.0178
1.23	45.0206	45.0178
1.2305	45.0206	45.0178
1.231	45.0206	45.0178
1.2315	45.0206	45.0178
1.232	45.0205	45.0177
1.2325	45.0205	45.0177
1.233	45.0205	45.0177
1.2335	45.0205	45.0177
1.234	45.0204	45.0177
1.2345	45.0204	45.0177
1.235	45.0204	45.0176
1.2355	45.0204	45.0176
1.236	45.0204	45.0176
1.2365	45.0203	45.0176
1.237	45.0203	45.0176
1.2375	45.0203	45.0176
1.238	45.0203	45.0175
1.2385	45.0203	45.0175
1.239	45.0202	45.0175
1.2395	45.0202	45.0175
1.24	45.0202	45.0175
1.2405	45.0202	45.0175
1.241	45.0202	45.0174
1.2415	45.0202	45.0174
1.242	45.0201	45.0174
1.2425	45.0201	45.0174
1.243	45.0201	45.0174
1.2435	45.0201	45.0174
1.244	45.0201	45.0173
1.2445	45.02	45.0173
1.245	45.02	45.0173
1.2455	45.02	45.0173
1.246	45.02	45.0173
1.2465	45.02	45.0173
1.247	45.02	45.0173
1.2475	45.0199	45.0172
1.248	45.0199	45.0172
1.2485	45.0199	45.0172
1.249	45.0199	45.0172
1.2495	45.0199	45.0172
1.25	45.0199	45.0172
1.2505	45.0198	45.0172
1.251	45.0198	45.0171
1.2515	45.0198	45.0171
1.252	45.0198	45.0171
1.2525	45.0198	45.0171
1.253	45.0198	45.0171
1.2535	45.0198	45.0171
1.254	45.0197	45.0171
1.2545	45.0197	45.017
1.255	45.0197	45.017
1.2555	45.0197	45.017
1.256	45.0197	45.017
1.2565	45.0197	45.017
1.257	45.0196	45.017
1.2575	45.0196	45.017
1.258	45.0196	45.017
1.2585	45.0196	45.0169
1.259	45.0196	45.0169
1.2595	45.0196	45.0169
1.26	45.0196	45.0169
1.2605	45.0195	45.0169
1.261	45.0195	45.0169
1.2615	45.0195	45.0169
1.262	45.0195	45.0169
1.2625	45.0195	45.0168
1.263	45.0195	45.0168
1.2635	45.0195	45.0168
1.264	45.0194	45.0168
1.2645	45.0194	45.0168
1.265	45.0194	45.0168
1.2655	45.0194	45.0168
1.266	45.0194	45.0168
1.2665	45.0194	45.0168
1.267	45.0194	45.0167
1.2675	45.0194	45.0167
1.268	45.0193	45.0167
1.2685	45.0193	45.0167
1.269	45.0193	45.0167
1.2695	45.0193	45.0167
1.27	45.0193	45.0167
1.2705	45.0193	45.0167
1.271	45.0193	45.0167
1.2715	45.0192	45.0166
1.272	45.0192	45.0166
1.2725	45.0192	45.0166
1.273	45.0192	45.0166
1.2735	45.0192	45.0166
1.274	45.0192	45.0166
1.2745	45.0192	45.0166
1.275	45.0192	45.0166
1.2755	45.0191	45.0166
1.276	45.0191	45.0166
1.2765	45.0191	45.0165
1.277	45.0191	45.0165
1.2775	45.0191	45.0165
1.278	45.0191	45.0165
1.2785	45.0191	45.0165
1.279	45.0191	45.0165
1.2795	45.019	45.0165
1.28	45.019	45.0165
1.2805	45.019	45.0165
1.281	45.019	45.0165
1.2815	45.019	45.0164
1.282	45.019	45.0164
1.2825	45.019	45.0164
1.283	45.019	45.0164
1.2835	45.019	45.0164
1.284	45.0189	45.0164
1.2845	45.0189	45.0164
1.285	45.0189	45.0164
1.2855	45.0189	45.0164
1.286	45.0189	45.0164
1.2865	45.0189	45.0163
1.287	45.0189	45.0163
1.2875	45.0189	45.0163
1.288	45.0189	45.0163
1.2885	45.0188	45.0163
1.289	45.0188	45.0163
1.2895	45.0188	45.0163
1.29	45.0188	45.0163
1.2905	45.0188	45.0163
1.291	45.0188	45.0163
1.2915	45.0188	45.0163
1.292	45.0188	45.0162
1.2925	45.0188	45.0162
1.293	45.0187	45.0162
1.2935	45.0187	45.0162
1.294	45.0187	45.0162
1.2945	45.0187	45.0162
1.295	45.0187	45.0162
1.2955	45.0187	45.0162
1.296	45.0187	45.0162
1.2965	45.0187	45.0162
1.297	45.0187	45.0162
1.2975	45.0186	45.0161
1.298	45.0186	45.0161
1.2985	45.0186	45.0161
1.299	45.0186	45.0161
1.2995	45.0186	45.0161
1.3	45.0186	45.0161
1.3005	45.0186	45.0161
1.301	45.0186	45.0161
1.3015	45.0186	45.0161
1.302	45.0185	45.0161
1.3025	45.0185	45.0161
1.303	45.0185	45.0161
1.3035	45.0185	45.016
1.304	45.0185	45.016
1.3045	45.0185	45.016
1.305	45.0185	45.016
1.3055	45.0185	45.016
1.306	45.0185	45.016
1.3065	45.0185	45.016
1.307	45.0184	45.016
1.3075	45.0184	45.016
1.308	45.0184	45.016
1.3085	45.0184	45.016
1.309	45.0184	45.016
1.3095	45.0184	45.0159
1.31	45.0184	45.0159
1.3105	45.0184	45.0159
1.311	45.0184	45.0159
1.3115	45.0184	45.0159
1.312	45.0183	45.0159
1.3125	45.0183	45.0159
1.313	45.0183	45.0159
1.3135	45.0183	45.0159
1.314	45.0183	45.0159
1.3145	45.0183	45.0159
1.315	45.0183	45.0159
1.3155	45.0183	45.0159
1.316	45.0183	45.0158
1.3165	45.0183	45.0158
1.317	45.0182	45.0158
1.3175	45.0182	45.0158
1.318	45.0182	45.0158
1.3185	45.0182	45.0158
1.319	45.0182	45.0158
1.3195	45.0182	45.0158
1.32	45.0182	45.0158
1.3205	45.0182	45.0158
1.321	45.0182	45.0158
1.3215	45.0182	45.0158
1.322	45.0182	45.0158
1.3225	45.0181	45.0157
1.323	45.0181	45.0157
1.3235	45.0181	45.0157
1.324	45.0181	45.0157
1.3245	45.0181	45.0157
1.325	45.0181	45.0157
1.3255	45.0181	45.0157
1.326	45.0181	45.0157
1.3265	45.0181	45.0157
1.327	45.0181	45.0157
1.3275	45.018	45.0157
1.328	45.018	45.0157
1.3285	45.018	45.0157
1.329	45.018	45.0156
1.3295	45.018	45.0156
1.33	45.018	45.0156
1.3305	45.018	45.0156
1.331	45.018	45.0156
1.3315	45.018	45.0156
1.332	45.018	45.0156
1.3325	45.018	45.0156
1.333	45.0179	45.0156
1.3335	45.0179	45.0156
1.334	45.0179	45.0156
1.3345	45.0179	45.0156
1.335	45.0179	45.0156
1.3355	45.0179	45.0155
1.336	45.0179	45.0155
1.3365	45.0179	45.0155
1.337	45.0179	45.0155
1.3375	45.0179	45.0155
1.338	45.0179	45.0155
1.3385	45.0178	45.0155
1.339	45.0178	45.0155
1.3395	45.0178	45.0155
1.34	45.0178	45.0155
1.3405	45.0178	45.0155
1.341	45.0178	45.0155
1.3415	45.0178	45.0155
1.342	45.0178	45.0155
1.3425	45.0178	45.0154
1.343	45.0178	45.0154
1.3435	45.0178	45.0154
1.344	45.0177	45.0154
1.3445	45.0177	45.0154
1.345	45.0177	45.0154
1.3455	45.0177	45.0154
1.346	45.0177	45.0154
1.3465	45.0177	45.0154
1.347	45.0177	45.0154
1.3475	45.0177	45.0154
1.348	45.0177	45.0154
1.3485	45.0177	45.0154
1.349	45.0177	45.0154
1.3495	45.0176	45.0153
1.35	45.0176	45.0153
1.3505	45.0176	45.0153
1.351	45.0176	45.0153
1.3515	45.0176	45.0153
1.352	45.0176	45.0153
1.3525	45.0176	45.0153
1.353	45.0176	45.0153
1.3535	45.0176	45.0153
1.354	45.0176	45.0153
1.3545	45.0176	45.0153
1.355	45.0176	45.0153
1.3555	45.0175	45.0153
1.356	45.0175	45.0153
1.3565	45.0175	45.0152
1.357	45.0175	45.0152
1.3575	45.0175	45.0152
1.358	45.0175	45.0152
1.3585	45.0175	45.0152
1.359	45.0175	45.0152
1.3595	45.0175	45.0152
1.36	45.0175	45.0152
1.3605	45.0175	45.0152
1.361	45.0174	45.0152
1.3615	45.0174	45.0152
1.362	45.0174	45.0152
1.3625	45.0174	45.0152
1.363	45.0174	45.0152
1.3635	45.0174	45.0152
1.364	45.0174	45.0151
1.3645	45.0174	45.0151
1.365	45.0174	45.0151
1.3655	45.0174	45.0151
1.366	45.0174	45.0151
1.3665	45.0174	45.0151
1.367	45.0173	45.0151
1.3675	45.0173	45.0151
1.368	45.0173	45.0151
1.3685	45.0173	45.0151
1.369	45.0173	45.0151
1.3695	45.0173	45.0151
1.37	45.0173	45.0151
1.3705	45.0173	45.0151
1.371	45.0173	45.015
1.3715	45.0173	45.015
1.372	45.0173	45.015
1.3725	45.0173	45.015
1.373	45.0172	45.015
1.3735	45.0172	45.015
1.374	45.0172	45.015
1.3745	45.0172	45.015
1.375	45.0172	45.015
1.3755	45.0172	45.015
1.376	45.0172	45.015
1.3765	45.0172	45.015
1.377	45.0172	45.015
1.3775	45.0172	45.015
1.378	45.0172	45.015
1.3785	45.0172	45.0149
1.379	45.0171	45.0149
1.3795	45.0171	45.0149
1.38	45.0171	45.0149
1.3805	45.0171	45.0149
1.381	45.0171	45.0149
1.3815	45.0171	45.0149
1.382	45.0171	45.0149
1.3825	45.0171	45.0149
1.383	45.0171	45.0149
1.3835	45.0171	45.0149
1.384	45.0171	45.0149
1.3845	45.0171	45.0149
1.385	45.017	45.0149
1.3855	45.017	45.0149
1.386	45.017	45.0149
1.3865	45.017	45.0148
1.387	45.017	45.0148
1.3875	45.017	45.0148
1.388	45.017	45.0148
1.3885	45.017	45.0148
1.389	45.017	45.0148
1.3895	45.017	45.0148
1.39	45.017	45.0148
1.3905	45.017	45.0148
1.391	45.0169	45.0148
1.3915	45.0169	45.0148
1.392	45.0169	45.0148
1.3925	45.0169	45.0148
1.393	45.0169	45.0148
1.3935	45.0169	45.0148
1.394	45.0169	45.0147
1.3945	45.0169	45.0147
1.395	45.0169	45.0147
1.3955	45.0169	45.0147
1.396	45.0169	45.0147
1.3965	45.0169	45.0147
1.397	45.0169	45.0147
1.3975	45.0168	45.0147
1.398	45.0168	45.0147
1.3985	45.0168	45.0147
1.399	45.0168	45.0147
1.3995	45.0168	45.0147
1.4	45.0168	45.0147
1.4005	45.0168	45.0147
1.401	45.0168	45.0147
1.4015	45.0168	45.0147
1.402	45.0168	45.0146
1.4025	45.0168	45.0146
1.403	45.0168	45.0146
1.4035	45.0167	45.0146
1.404	45.0167	45.0146
1.4045	45.0167	45.0146
1.405	45.0167	45.0146
1.4055	45.0167	45.0146
1.406	45.0167	45.0146
1.4065	45.0167	45.0146
1.407	45.0167	45.0146
1.4075	45.0167	45.0146
1.408	45.0167	45.0146
1.4085	45.0167	45.0146
1.409	45.0167	45.0146
1.4095	45.0167	45.0145
1.41	45.0166	45.0145
1.4105	45.0166	45.0145
1.411	45.0166	45.0145
1.4115	45.0166	45.0145
1.412	45.0166	45.0145
1.4125	45.0166	45.0145
1.413	45.0166	45.0145
1.4135	45.0166	45.0145
1.414	45.0166	45.0145
1.4145	45.0166	45.0145
1.415	45.0166	45.0145
1.4155	45.0166	45.0145
1.416	45.0166	45.0145
1.4165	45.0165	45.0145
1.417	45.0165	45.0145
1.4175	45.0165	45.0145
1.418	45.0165	45.0144
1.4185	45.0165	45.0144
1.419	45.0165	45.0144
1.4195	45.0165	45.0144
1.42	45.0165	45.0144
1.4205	45.0165	45.0144
1.421	45.0165	45.0144
1.4215	45.0165	45.0144
1.422	45.0165	45.0144
1.4225	45.0165	45.0144
1.423	45.0164	45.0144
1.4235	45.0164	45.0144
1.424	45.0164	45.0144
1.4245	45.0164	45.0144
1.425	45.0164	45.0144
1.4255	45.0164	45.0144
1.426	45.0164	45.0143
1.4265	45.0164	45.0143
1.427	45.0164	45.0143
1.4275	45.0164	45.0143
1.428	45.0164	45.0143
1.4285	45.0164	45.0143
1.429	45.0164	45.0143
1.4295	45.0163	45.0143
1.43	45.0163	45.0143
1.4305	45.0163	45.0143
1.431	45.0163	45.0143
1.4315	45.0163	45.0143
1.432	45.0163	45.0143
1.4325	45.0163	45.0143
1.433	45.0163	45.0143
1.4335	45.0163	45.0143
1.434	45.0163	45.0142
1.4345	45.0163	45.0142
1.435	45.0163	45.0142
1.4355	45.0163	45.0142
1.436	45.0163	45.0142
1.4365	45.0162	45.0142
1.437	45.0162	45.0142
1.4375	45.0162	45.0142
1.438	45.0162	45.0142
1.4385	45.0162	45.0142
1.439	45.0162	45.0142
1.4395	45.0162	45.0142
1.44	45.0162	45.0142
1.4405	45.0162	45.0142
1.441	45.0162	45.0142
1.4415	45.0162	45.0142
1.442	45.0162	45.0142
1.4425	45.0162	45.0141
1.443	45.0161	45.0141
1.4435	45.0161	45.0141
1.444	45.0161	45.0141
1.4445	45.0161	45.0141
1.445	45.0161	45.0141
1.4455	45.0161	45.0141
1.446	45.0161	45.0141
1.4465	45.0161	45.0141
1.447	45.0161	45.0141
1.4475	45.0161	45.0141
1.448	45.0161	45.0141
1.4485	45.0161	45.0141
1.449	45.0161	45.0141
1.4495	45.0161	45.0141
1.45	45.016	45.0141
1.4505	45.016	45.0141
1.451	45.016	45.014
1.4515	45.016	45.014
1.452	45.016	45.014
1.4525	45.016	45.014
1.453	45.016	45.014
1.4535	45.016	45.014
1.454	45.016	45.014
1.4545	45.016	45.014
1.455	45.016	45.014
1.4555	45.016	45.014
1.456	45.016	45.014
1.4565	45.016	45.014
1.457	45.0159	45.014
1.4575	45.0159	45.014
1.458	45.0159	45.014
1.4585	45.0159	45.014
1.459	45.0159	45.014
1.4595	45.0159	45.0139
1.46	45.0159	45.0139
1.4605	45.0159	45.0139
1.461	45.0159	45.0139
1.4615	45.0159	45.0139
1.462	45.0159	45.0139
1.4625	45.0159	45.0139
1.463	45.0159	45.0139
1.4635	45.0159	45.0139
1.464	45.0158	45.0139
1.4645	45.0158	45.0139
1.465	45.0158	45.0139
1.4655	45.0158	45.0139
1.466	45.0158	45.0139
1.4665	45.0158	45.0139
1.467	45.0158	45.0139
1.4675	45.0158	45.0139
1.468	45.0158	45.0138
1.4685	45.0158	45.0138
1.469	45.0158	45.0138
1.4695	45.0158	45.0138
1.47	45.0158	45.0138
1.4705	45.0158	45.0138
1.471	45.0157	45.0138
1.4715	45.0157	45.0138
1.472	45.0157	45.0138
1.4725	45.0157	45.0138
1.473	45.0157	45.0138
1.4735	45.0157	45.0138
1.474	45.0157	45.0138
1.4745	45.0157	45.0138
1.475	45.0157	45.0138
1.4755	45.0157	45.0138
1.476	45.0157	45.0138
1.4765	45.0157	45.0138
1.477	45.0157	45.0137
1.4775	45.0157	45.0137
1.478	45.0156	45.0137
1.4785	45.0156	45.0137
1.479	45.0156	45.0137
1.4795	45.0156	45.0137
1.48	45.0156	45.0137
1.4805	45.0156	45.0137
1.481	45.0156	45.0137
1.4815	45.0156	45.0137
1.482	45.0156	45.0137
1.4825	45.0156	45.0137
1.483	45.0156	45.0137
1.4835	45.0156	45.0137
1.484	45.0156	45.0137
1.4845	45.0156	45.0137
1.485	45.0156	45.0137
1.4855	45.0155	45.0137
1.486	45.0155	45.0136
1.4865	45.0155	45.0136
1.487	45.0155	45.0136
1.4875	45.0155	45.0136
1.488	45.0155	45.0136
1.4885	45.0155	45.0136
1.489	45.0155	45.0136
1.4895	45.0155	45.0136
1.49	45.0155	45.0136
1.4905	45.0155	45.0136
1.491	45.0155	45.0136
1.4915	45.0155	45.0136
1.492	45.0155	45.0136
1.4925	45.0154	45.0136
1.493	45.0154	45.0136
1.4935	45.0154	45.0136
1.494	45.0154	45.0136
1.4945	45.0154	45.0136
1.495	45.0154	45.0135
1.4955	45.0154	45.0135
1.496	45.0154	45.0135
1.4965	45.0154	45.0135
1.497	45.0154	45.0135
1.4975	45.0154	45.0135
1.498	45.0154	45.0135
1.4985	45.0154	45.0135
1.499	45.0154	45.0135
1.4995	45.0154	45.0135
1.5	45.0153	45.0135
1.5005	45.0153	45.0135
1.501	45.0153	45.0135
1.5015	45.0153	45.0135
1.502	45.0153	45.0135
1.5025	45.0153	45.0135
1.503	45.0153	45.0135
1.5035	45.0153	45.0135
1.504	45.0153	45.0134
1.5045	45.0153	45.0134
1.505	45.0153	45.0134
1.5055	45.0153	45.0134
1.506	45.0153	45.0134
1.5065	45.0153	45.0134
1.507	45.0153	45.0134
1.5075	45.0152	45.0134
1.508	45.0152	45.0134
1.5085	45.0152	45.0134
1.509	45.0152	45.0134
1.5095	45.0152	45.0134
1.51	45.0152	45.0134
1.5105	45.0152	45.0134
1.511	45.0152	45.0134
1.5115	45.0152	45.0134
1.512	45.0152	45.0134
1.5125	45.0152	45.0134
1.513	45.0152	45.0134
1.5135	45.0152	45.0133
1.514	45.0152	45.0133
1.5145	45.0152	45.0133
1.515	45.0151	45.0133
1.5155	45.0151	45.0133
1.516	45.0151	45.0133
1.5165	45.0151	45.0133
1.517	45.0151	45.0133
1.5175	45.0151	45.0133
1.518	45.0151	45.0133
1.5185	45.0151	45.0133
1.519	45.0151	45.0133
1.5195	45.0151	45.0133
1.52	45.0151	45.0133
1.5205	45.0151	45.0133
1.521	45.0151	45.0133
1.5215	45.0151	45.0133
1.522	45.0151	45.0133
1.5225	45.0151	45.0133
1.523	45.015	45.0132
1.5235	45.015	45.0132
1.524	45.015	45.0132
1.5245	45.015	45.0132
1.525	45.015	45.0132
1.5255	45.015	45.0132
1.526	45.015	45.0132
1.5265	45.015	45.0132
1.527	45.015	45.0132
1.5275	45.015	45.0132
1.528	45.015	45.0132
1.5285	45.015	45.0132
1.529	45.015	45.0132
1.5295	45.015	45.0132
1.53	45.015	45.0132
1.5305	45.0149	45.0132
1.531	45.0149	45.0132
1.5315	45.0149	45.0132
1.532	45.0149	45.0132
1.5325	45.0149	45.0131
1.533	45.0149	45.0131
1.5335	45.0149	45.0131
1.534	45.0149	45.0131
1.5345	45.0149	45.0131
1.535	45.0149	45.0131
1.5355	45.0149	45.0131
1.536	45.0149	45.0131
1.5365	45.0149	45.0131
1.537	45.0149	45.0131
1.5375	45.0149	45.0131
1.538	45.0149	45.0131
1.5385	45.0148	45.0131
1.539	45.0148	45.0131
1.5395	45.0148	45.0131
1.54	45.0148	45.0131
1.5405	45.0148	45.0131
1.541	45.0148	45.0131
1.5415	45.0148	45.0131
1.542	45.0148	45.013
1.5425	45.0148	45.013
1.543	45.0148	45.013
1.5435	45.0148	45.013
1.544	45.0148	45.013
1.5445	45.0148	45.013
1.545	45.0148	45.013
1.5455	45.0148	45.013
1.546	45.0148	45.013
1.5465	45.0147	45.013
1.547	45.0147	45.013
1.5475	45.0147	45.013
1.548	45.0147	45.013
1.5485	45.0147	45.013
1.549	45.0147	45.013
1.5495	45.0147	45.013
1.55	45.0147	45.013
1.5505	45.0147	45.013
1.551	45.0147	45.013
1.5515	45.0147	45.013
1.552	45.0147	45.0129
1.5525	45.0147	45.0129
1.553	45.0147	45.0129
1.5535	45.0147	45.0129
1.554	45.0147	45.0129
1.5545	45.0146	45.0129
1.555	45.0146	45.0129
1.5555	45.0146	45.0129
1.556	45.0146	45.0129
1.5565	45.0146	45.0129
1.557	45.0146	45.0129
1.5575	45.0146	45.0129
1.558	45.0146	45.0129
1.5585	45.0146	45.0129
1.559	45.0146	45.0129
1.5595	45.0146	45.0129
1.56	45.0146	45.0129
1.5605	45.0146	45.0129
1.561	45.0146	45.0129
1.5615	45.0146	45.0129
1.562	45.0146	45.0128
1.5625	45.0146	45.0128
1.563	45.0145	45.0128
1.5635	45.0145	45.0128
1.564	45.0145	45.0128
1.5645	45.0145	45.0128
1.565	45.0145	45.0128
1.5655	45.0145	45.0128
1.566	45.0145	45.0128
1.5665	45.0145	45.0128
1.567	45.0145	45.0128
1.5675	45.0145	45.0128
1.568	45.0145	45.0128
1.5685	45.0145	45.0128
1.569	45.0145	45.0128
1.5695	45.0145	45.0128
1.57	45.0145	45.0128
1.5705	45.0145	45.0128
1.571	45.0144	45.0128
1.5715	45.0144	45.0128
1.572	45.0144	45.0127
1.5725	45.0144	45.0127
1.573	45.0144	45.0127
1.5735	45.0144	45.0127
1.574	45.0144	45.0127
1.5745	45.0144	45.0127
1.575	45.0144	45.0127
1.5755	45.0144	45.0127
1.576	45.0144	45.0127
1.5765	45.0144	45.0127
1.577	45.0144	45.0127
1.5775	45.0144	45.0127
1.578	45.0144	45.0127
1.5785	45.0144	45.0127
1.579	45.0144	45.0127
1.5795	45.0143	45.0127
1.58	45.0143	45.0127
1.5805	45.4075	45.0139
1.581	45.6014	45.016
1.5815	45.707	45.018
1.582	45.7708	45.0198
1.5825	45.8133	45.0216
1.583	45.844	45.0233
1.5835	45.8674	45.0249
1.584	45.8861	45.0265
1.5845	45.9012	45.028
1.585	45.9136	45.0294
1.5855	45.9239	45.0308
1.586	45.9326	45.032
1.5865	45.9399	45.0331
1.587	45.9461	45.0342
1.5875	45.9513	45.0352
1.588	45.9559	45.036
1.5885	45.9598	45.0369
1.589	45.9633	45.0376
1.5895	45.9663	45.0383
1.59	45.969	45.0389
1.5905	45.9714	45.0395
1.591	45.9735	45.0401
1.5915	45.9755	45.0406
1.592	45.9773	45.0411
1.5925	45.979	45.0415
1.593	45.9805	45.0419
1.5935	45.982	45.0424
1.594	45.9834	45.0427
1.5945	45.9847	45.0431
1.595	45.9859	45.0435
1.5955	45.9871	45.0439
1.596	45.9882	45.0442
1.5965	45.9893	45.0445
1.597	45.9903	45.0449
1.5975	45.9914	45.0452
1.598	45.9923	45.0455
1.5985	45.9933	45.0459
1.599	45.9942	45.0462
1.5995	45.9951	45.0465
1.6	45.996	45.0468
1.6005	45.9969	45.0471
1.601	45.9977	45.0474
1.6015	45.9985	45.0477
1.602	45.9993	45.048
1.6025	46.0001	45.0483
1.603	46.0009	45.0486
1.6035	46.0016	45.0489
1.604	46.0024	45.0492
1.6045	46.0031	45.0495
1.605	46.0038	45.0497
1.6055	46.0045	45.05
1.606	46.0052	45.0503
1.6065	46.0059	45.0506
1.607	46.0065	45.0509
1.6075	46.0071	45.0511
1.608	46.0078	45.0514
1.6085	46.0084	45.0517
1.609	46.009	45.052
1.6095	46.0096	45.0522
1.61	46.0102	45.0525
1.6105	46.0107	45.0528
1.611	46.0113	45.053
1.6115	46.0118	45.0533
1.612	46.0124	45.0535
1.6125	46.0129	45.0538
1.613	46.0134	45.0541
1.6135	46.0139	45.0543
1.614	46.0144	45.0546
1.6145	46.0149	45.0548
1.615	46.0154	45.0551
1.6155	46.0159	45.0553
1.616	46.0163	45.0555
1.6165	46.0168	45.0558
1.617	46.0173	45.056
1.6175	46.0177	45.0563
1.618	46.0181	45.0565
1.6185	46.0185	45.0567
1.619	46.019	45.0569
1.6195	46.0194	45.0572
1.62	46.0198	45.0574
1.6205	46.0202	45.0576
1.621	46.0206	45.0578
1.6215	46.0209	45.0581
1.622	46.0213	45.0583
1.6225	46.0217	45.0585
1.623	46.022	45.0587
1.6235	46.0224	45.0589
1.624	46.0227	45.0591
1.6245	46.0231	45.0593
1.625	46.0234	45.0595
1.6255	46.0237	45.0597
1.626	46.0241	45.0599
1.6265	46.0244	45.0601
1.627	46.0247	45.0603
1.6275	46.025	45.0605
1.628	46.0253	45.0607
1.6285	46.0256	45.0609
1.629	46.0259	45.0611
1.6295	46.0262	45.0613
1.63	46.0265	45.0614
1.6305	46.0268	45.0616
1.631	46.027	45.0618
1.6315	46.0273	45.062
1.632	46.0276	45.0622
1.6325	46.0278	45.0623
1.633	46.0281	45.0625
1.6335	46.0283	45.0627
1.634	46.0286	45.0628
1.6345	46.0288	45.063
1.635	46.0291	45.0632
1.6355	46.0293	45.0633
1.636	46.0295	45.0635
1.6365	46.0298	45.0636
1.637	46.03	45.0638
1.6375	46.0302	45.064
1.638	46.0304	45.0641
1.6385	46.0306	45.0643
1.639	46.0308	45.0644
1.6395	46.0311	45.0646
1.64	46.0313	45.0647
1.6405	46.0315	45.0649
1.641	46.0317	45.065
1.6415	46.0318	45.0651
1.642	46.032	45.0653
1.6425	46.0322	45.0654
1.643	46.0324	45.0655
1.6435	46.0326	45.0657
1.644	46.0328	45.0658
1.6445	46.0329	45.0659
1.645	46.0331	45.0661
1.6455	46.0333	45.0662
1.646	46.0335	45.0663
1.6465	46.0336	45.0665
1.647	46.0338	45.0666
1.6475	46.034	45.0667
1.648	46.0341	45.0668
1.6485	46.0343	45.0669
1.649	46.0344	45.0671
1.6495	46.0346	45.0672
1.65	46.0347	45.0673
1.6505	46.0349	45.0674
1.651	46.035	45.0675
1.6515	46.0352	45.0676
1.652	46.0353	45.0677
1.6525	46.0354	45.0679
1.653	46.0356	45.068
1.6535	46.0357	45.0681
1.654	46.0358	45.0682
1.6545	46.036	45.0683
1.655	46.0361	45.0684
1.6555	46.0362	45.0685
1.656	46.0364	45.0686
1.6565	46.0365	45.0687
1.657	46.0366	45.0688
1.6575	46.0367	45.0689
1.658	46.0368	45.069
1.6585	46.037	45.0691
1.659	46.0371	45.0692
1.6595	46.0372	45.0693
1.66	46.0373	45.0693
1.6605	46.0374	45.0694
1.661	46.0375	45.0695
1.6615	46.0376	45.0696
1.662	46.0377	45.0697
1.6625	46.0378	45.0698
1.663	46.0379	45.0699
1.6635	46.038	45.07
1.664	46.0381	45.07
1.6645	46.0382	45.0701
1.665	46.0383	45.0702
1.6655	46.0384	45.0703
1.666	46.0385	45.0704
1.6665	46.0386	45.0704
1.667	46.0387	45.0705
1.6675	46.0388	45.0706
1.668	46.0389	45.0707
1.6685	46.039	45.0708
1.669	46.0391	45.0708
1.6695	46.0392	45.0709
1.67	46.0393	45.071
1.6705	46.0393	45.071
1.671	46.0394	45.0711
1.6715	46.0395	45.0712
1.672	46.0396	45.0713
1.6725	46.0397	45.0713
1.673	46.0398	45.0714
1.6735	46.0398	45.0715
1.674	46.0399	45.0715
1.6745	46.04	45.0716
1.675	46.0401	45.0717
1.6755	46.0401	45.0717
1.676	46.0402	45.0718
1.6765	46.0403	45.0719
1.677	46.0404	45.0719
1.6775	46.0404	45.072
1.678	46.0405	45.072
1.6785	46.0406	45.0721
1.679	46.0406	45.0722
1.6795	46.0407	45.0722
1.68	46.0408	45.0723
1.6805	46.0409	45.0723
1.681	46.0409	45.0724
1.6815	46.041	45.0725
1.682	46.041	45.0725
1.6825	46.0411	45.0726
1.683	46.0412	45.0726
1.6835	46.0412	45.0727
1.684	46.0413	45.0727
1.6845	46.0414	45.0728
1.685	46.0414	45.0728
1.6855	46.0415	45.0729
1.686	46.0415	45.0729
1.6865	46.0416	45.073
1.687	46.0417	45.073
1.6875	46.0417	45.0731
1.688	46.0418	45.0731
1.6885	46.0418	45.0732
1.689	46.0419	45.0732
1.6895	46.0419	45.0733
1.69	46.042	45.0733
1.6905	46.0421	45.0734
1.691	46.0421	45.0734
1.6915	46.0422	45.0735
1.692	46.0422	45.0735
1.6925	46.0423	45.0736
1.693	46.0423	45.0736
1.6935	46.0424	45.0737
1.694	46.0424	45.0737
1.6945	46.0425	45.0738
1.695	46.0425	45.0738
1.6955	46.0426	45.0738
1.696	46.0426	45.0739
1.6965	46.0427	45.0739
1.697	46.0427	45.074
1.6975	46.0428	45.074
1.698	46.0428	45.0741
1.6985	46.0429	45.0741
1.699	46.0429	45.0741
1.6995	46.043	45.0742
1.7	46.043	45.0742
1.7005	46.043	45.0743
1.701	46.0431	45.0743
1.7015	46.0431	45.0743
1.702	46.0432	45.0744
1.7025	46.0432	45.0744
1.703	46.0433	45.0744
1.7035	46.0433	45.0745
1.704	46.0433	45.0745
1.7045	46.0434	45.0746
1.705	46.0434	45.0746
1.7055	46.0435	45.0746
1.706	46.0435	45.0747
1.7065	46.0436	45.0747
1.707	46.0436	45.0747
1.7075	46.0436	45.0748
1.708	46.0437	45.0748
1.7085	46.0437	45.0748
1.709	46.0438	45.0749
1.7095	46.0438	45.0749
1.71	46.0438	45.075
1.7105	46.0439	45.075
1.711	46.0439	45.075
1.7115	46.044	45.0751
1.712	46.044	45.0751
1.7125	46.044	45.0751
1.713	46.0441	45.0752
1.7135	46.0441	45.0752
1.714	46.0441	45.0752
1.7145	46.0442	45.0753
1.715	46.0442	45.0753
1.7155	46.0442	45.0753
1.716	46.0443	45.0753
1.7165	46.0443	45.0754
1.717	46.0444	45.0754
1.7175	46.0444	45.0754
1.718	46.0444	45.0755
1.7185	46.0445	45.0755
1.719	46.0445	45.0755
1.7195	46.0445	45.0756
1.72	46.0446	45.0756
1.7205	46.0446	45.0756
1.721	46.0446	45.0756
1.7215	46.0447	45.0757
1.722	46.0447	45.0757
1.7225	46.0447	45.0757
1.723	46.0448	45.0758
1.7235	46.0448	45.0758
1.724	46.0448	45.0758
1.7245	46.0449	45.0759
1.725	46.0449	45.0759
1.7255	46.0449	45.0759
1.726	46.045	45.0759
1.7265	46.045	45.076
1.727	46.045	45.076
1.7275	46.0451	45.076
1.728	46.0451	45.076
1.7285	46.0451	45.0761
1.729	46.0451	45.0761
1.7295	46.0452	45.0761
1.73	46.0452	45.0762
1.7305	46.0452	45.0762
1.731	46.0453	45.0762
1.7315	46.0453	45.0762
1.732	46.0453	45.0763
1.7325	46.0454	45.0763
1.733	46.0454	45.0763
1.7335	46.0454	45.0763
1.734	46.0454	45.0764
1.7345	46.0455	45.0764
1.735	46.0455	45.0764
1.7355	46.0455	45.0764
1.736	46.0456	45.0765
1.7365	46.0456	45.0765
1.737	46.0456	45.0765
1.7375	46.0456	45.0765
1.738	46.0457	45.0766
1.7385	46.0457	45.0766
1.739	46.0457	45.0766
1.7395	46.0458	45.0766
1.74	46.0458	45.0767
1.7405	46.0458	45.0767
1.741	46.0458	45.0767
1.7415	46.0459	45.0767
1.742	46.0459	45.0768
1.7425	46.0459	45.0768
1.743	46.046	45.0768
1.7435	46.046	45.0768
1.744	46.046	45.0768
1.7445	46.046	45.0769
1.745	46.0461	45.0769
1.7455	46.0461	45.0769
1.746	46.0461	45.0769
1.7465	46.0461	45.077
1.747	46.0462	45.077
1.7475	46.0462	45.077
1.748	46.0462	45.077
1.7485	46.0462	45.0771
1.749	46.0463	45.0771
1.7495	46.0463	45.0771
1.75	46.0463	45.0771
1.7505	46.0464	45.0771
1.751	46.0464	45.0772
1.7515	46.0464	45.0772
1.752	46.0464	45.0772
1.7525	46.0465	45.0772
1.753	46.0465	45.0772
1.7535	46.0465	45.0773
1.754	46.0465	45.0773
1.7545	46.0466	45.0773
1.755	46.0466	45.0773
1.7555	46.0466	45.0774
1.756	46.0466	45.0774
1.7565	46.0467	45.0774
1.757	46.0467	45.0774
1.7575	46.0467	45.0774
1.758	46.0467	45.0775
1.7585	46.0468	45.0775
1.759	46.0468	45.0775
1.7595	46.0468	45.0775
1.76	46.0468	45.0775
1.7605	46.0469	45.0776
1.761	46.0469	45.0776
1.7615	46.0469	45.0776
1.762	46.0469	45.0776
1.7625	46.047	45.0777
1.763	46.047	45.0777
1.7635	46.047	45.0777
1.764	46.047	45.0777
1.7645	46.047	45.0777
1.765	46.0471	45.0778
1.7655	46.0471	45.0778
1.766	46.0471	45.0778
1.7665	46.0471	45.0778
1.767	46.0472	45.0778
1.7675	46.0472	45.0779
1.768	46.0472	45.0779
1.7685	46.0472	45.0779
1.769	46.0473	45.0779
1.7695	46.0473	45.0779
1.77	46.0473	45.078
1.7705	46.0473	45.078
1.771	46.0474	45.078
1.7715	46.0474	45.078
1.772	46.0474	45.078
1.7725	46.0474	45.0781
1.773	46.0474	45.0781
1.7735	46.0475	45.0781
1.774	46.0475	45.0781
1.7745	46.0475	45.0781
1.775	46.0475	45.0781
1.7755	46.0476	45.0782
1.776	46.0476	45.0782
1.7765	46.0476	45.0782
1.777	46.0476	45.0782
1.7775	46.0477	45.0782
1.778	46.0477	45.0783
1.7785	46.0477	45.0783
1.779	46.0477	45.0783
1.7795	46.0477	45.0783
1.78	46.0478	45.0783
1.7805	46.0478	45.0784
1.781	46.0478	45.0784
1.7815	46.0478	45.0784
1.782	46.0479	45.0784
1.7825	46.0479	45.0784
1.783	46.0479	45.0785
1.7835	46.0479	45.0785
1.784	46.0479	45.0785
1.7845	46.048	45.0785
1.785	46.048	45.0785
1.7855	46.048	45.0785
1.786	46.048	45.0786
1.7865	46.0481	45.0786
1.787	46.0481	45.0786
1.7875	46.0481	45.0786
1.788	46.0481	45.0786
1.7885	46.0481	45.0787
1.789	46.0482	45.0787
1.7895	46.0482	45.0787
1.79	46.0482	45.0787
1.7905	46.0482	45.0787
1.791	46.0482	45.0788
1.7915	46.0483	45.0788
1.792	46.0483	45.0788
1.7925	46.0483	45.0788
1.793	46.0483	45.0788
1.7935	46.0484	45.0788
1.794	46.0484	45.0789
1.7945	46.0484	45.0789
1.795	46.0484	45.0789
1.7955	46.0484	45.0789
1.796	46.0485	45.0789
1.7965	46.0485	45.079
1.797	46.0485	45.079
1.7975	46.0485	45.079
1.798	46.0485	45.079
1.7985	46.0486	45.079
1.799	46.0486	45.079
1.7995	46.0486	45.0791
1.8	46.0486	45.0791
1.8005	46.0487	45.0791
1.801	46.0487	45.0791
1.8015	46.0487	45.0791
1.802	46.0487	45.0791
1.8025	46.0487	45.0792
1.803	46.0488	45.0792
1.8035	46.0488	45.0792
1.804	46.0488	45.0792
1.8045	46.0488	45.0792
1.805	46.0488	45.0793
1.8055	46.0489	45.0793
1.806	46.0489	45.0793
1.8065	46.0489	45.0793
1.807	46.0489	45.0793
1.8075	46.0489	45.0793
1.808	46.049	45.0794
1.8085	46.049	45.0794
1.809	46.049	45.0794
1.8095	46.049	45.0794
1.81	46.049	45.0794
1.8105	46.0491	45.0794
1.811	46.0491	45.0795
1.8115	46.0491	45.0795
1.812	46.0491	45.0795
1.8125	46.0492	45.0795
1.813	46.0492	45.0795
1.8135	46.0492	45.0796
1.814	46.0492	45.0796
1.8145	46.0492	45.0796
1.815	46.0493	45.0796
1.8155	46.0493	45.0796
1.816	46.0493	45.0796
1.8165	46.0493	45.0797
1.817	46.0493	45.0797
1.8175	46.0494	45.0797
1.818	46.0494	45.0797
1.8185	46.0494	45.0797
1.819	46.0494	45.0797
1.8195	46.0494	45.0798
1.82	46.0495	45.0798
1.8205	46.0495	45.0798
1.821	46.0495	45.0798
1.8215	46.0495	45.0798
1.822	46.0495	45.0798
1.8225	46.0496	45.0799
1.823	46.0496	45.0799
1.8235	46.0496	45.0799
1.824	46.0496	45.0799
1.8245	46.0496	45.0799
1.825	46.0497	45.0799
1.8255	46.0497	45.08
1.826	46.0497	45.08
1.8265	46.0497	45.08
1.827	46.0497	45.08
1.8275	46.0498	45.08
1.828	46.0498	45.08
1.8285	46.0498	45.0801
1.829	46.0498	45.0801
1.8295	46.0498	45.0801
1.83	46.0499	45.0801
1.8305	46.0499	45.0801
1.831	46.0499	45.0801
1.8315	46.0499	45.0802
1.832	46.0499	45.0802
1.8325	46.05	45.0802
1.833	46.05	45.0802
1.8335	46.05	45.0802
1.834	46.05	45.0802
1.8345	46.05	45.0803
1.835	46.0501	45.0803
1.8355	46.0501	45.0803
1.836	46.0501	45.0803
1.8365	46.0501	45.0803
1.837	46.0501	45.0803
1.8375	46.0502	45.0804
1.838	46.0502	45.0804
1.8385	46.0502	45.0804
1.839	46.0502	45.0804
1.8395	46.0502	45.0804
1.84	46.0503	45.0804
1.8405	46.0503	45.0805
1.841	46.0503	45.0805
1.8415	46.0503	45.0805
1.842	46.0503	45.0805
1.8425	46.0503	45.0805
1.843	46.0504	45.0805
1.8435	46.0504	45.0806
1.844	46.0504	45.0806
1.8445	46.0504	45.0806
1.845	46.0504	45.0806
1.8455	46.0505	45.0806
1.846	46.0505	45.0806
1.8465	46.0505	45.0807
1.847	46.0505	45.0807
1.8475	46.0505	45.0807
1.848	46.0506	45.0807
1.8485	46.0506	45.0807
1.849	46.0506	45.0807
1.8495	46.0506	45.0808
1.85	46.0506	45.0808
1.8505	46.0507	45.0808
1.851	46.0507	45.0808
1.8515	46.0507	45.0808
1.852	46.0507	45.0808
1.8525	46.0507	45.0809
1.853	46.0508	45.0809
1.8535	46.0508	45.0809
1.854	46.0508	45.0809
1.8545	46.0508	45.0809
1.855	46.0508	45.0809
1.8555	46.0509	45.081
1.856	46.0509	45.081
1.8565	46.0509	45.081
1.857	46.0509	45.081
1.8575	46.0509	45.081
1.858	46.0509	45.081
1.8585	46.051	45.081
1.859	46.051	45.0811
1.8595	46.051	45.0811
1.86	46.051	45.0811
1.8605	46.051	45.0811
1.861	46.0511	45.0811
1.8615	46.0511	45.0811
1.862	46.0511	45.0812
1.8625	46.0511	45.0812
1.863	46.0511	45.0812
1.8635	46.0512	45.0812
1.864	46.0512	45.0812
1.8645	46.0512	45.0812
1.865	46.0512	45.0813
1.8655	46.0512	45.0813
1.866	46.0512	45.0813
1.8665	46.0513	45.0813
1.867	46.0513	45.0813
1.8675	46.0513	45.0813
1.868	46.0513	45.0814
1.8685	46.0513	45.0814
1.869	46.0514	45.0814
1.8695	46.0514	45.0814
1.87	46.0514	45.0814
1.8705	46.0514	45.0814
1.871	46.0514	45.0814
1.8715	46.0515	45.0815
1.872	46.0515	45.0815
1.8725	46.0515	45.0815
1.873	46.0515	45.0815
1.8735	46.0515	45.0815
1.874	46.0515	45.0815
1.8745	46.0516	45.0816
1.875	46.0516	45.0816
1.8755	46.0516	45.0816
1.876	46.0516	45.0816
1.8765	46.0516	45.0816
1.877	46.0517	45.0816
1.8775	46.0517	45.0817
1.878	46.0517	45.0817
1.8785	46.0517	45.0817
1.879	46.0517	45.0817
1.8795	46.0518	45.0817
1.88	46.0518	45.0817
1.8805	45.6587	45.0805
1.881	45.4648	45.0785
1.8815	45.3591	45.0765
1.882	45.2954	45.0746
1.8825	45.2529	45.0729
1.883	45.2222	45.0712
1.8835	45.1988	45.0696
1.884	45.1802	45.068
1.8845	45.1651	45.0665
1.885	45.1526	45.0651
1.8855	45.1423	45.0638
1.886	45.1337	45.0625
1.8865	45.1264	45.0614
1.887	45.1202	45.0604
1.8875	45.115	45.0594
1.888	45.1104	45.0585
1.8885	45.1065	45.0577
1.889	45.1031	45.057
1.8895	45.1001	45.0563
1.89	45.0974	45.0557
1.8905	45.095	45.0551
1.891	45.0929	45.0546
1.8915	45.0909	45.0541
1.892	45.0891	45.0536
1.8925	45.0874	45.0532
1.893	45.0859	45.0527
1.8935	45.0845	45.0523
1.894	45.0831	45.052
1.8945	45.0818	45.0516
1.895	45.0806	45.0512
1.8955	45.0794	45.0509
1.896	45.0783	45.0505
1.8965	45.0772	45.0502
1.897	45.0762	45.0499
1.8975	45.0752	45.0496
1.898	45.0742	45.0493
1.8985	45.0733	45.0489
1.899	45.0724	45.0486
1.8995	45.0715	45.0483
1.9	45.0706	45.048
1.9005	45.0698	45.0477
1.901	45.0689	45.0475
1.9015	45.0681	45.0472
1.902	45.0673	45.0469
1.9025	45.0666	45.0466
1.903	45.0658	45.0463
1.9035	45.0651	45.046
1.904	45.0643	45.0458
1.9045	45.0636	45.0455
1.905	45.0629	45.0452
1.9055	45.0622	45.0449
1.906	45.0616	45.0447
1.9065	45.0609	45.0444
1.907	45.0603	45.0441
1.9075	45.0597	45.0438
1.908	45.059	45.0436
1.9085	45.0584	45.0433
1.909	45.0578	45.0431
1.9095	45.0573	45.0428
1.91	45.0567	45.0425
1.9105	45.0561	45.0423
1.911	45.0556	45.042
1.9115	45.0551	45.0418
1.912	45.0545	45.0415
1.9125	45.054	45.0413
1.913	45.0535	45.0411
1.9135	45.053	45.0408
1.914	45.0525	45.0406
1.9145	45.052	45.0403
1.915	45.0516	45.0401
1.9155	45.0511	45.0399
1.916	45.0507	45.0396
1.9165	45.0502	45.0394
1.917	45.0498	45.0392
1.9175	45.0494	45.0389
1.918	45.0489	45.0387
1.9185	45.0485	45.0385
1.919	45.0481	45.0383
1.9195	45.0477	45.0381
1.92	45.0473	45.0379
1.9205	45.0469	45.0376
1.921	45.0466	45.0374
1.9215	45.0462	45.0372
1.922	45.0458	45.037
1.9225	45.0455	45.0368
1.923	45.0451	45.0366
1.9235	45.0448	45.0364
1.924	45.0445	45.0362
1.9245	45.0441	45.036
1.925	45.0438	45.0358
1.9255	45.0435	45.0356
1.926	45.0432	45.0354
1.9265	45.0429	45.0353
1.927	45.0426	45.0351
1.9275	45.0423	45.0349
1.928	45.042	45.0347
1.9285	45.0417	45.0345
1.929	45.0414	45.0344
1.9295	45.0411	45.0342
1.93	45.0409	45.034
1.9305	45.0406	45.0338
1.931	45.0403	45.0337
1.9315	45.0401	45.0335
1.932	45.0398	45.0333
1.9325	45.0396	45.0332
1.933	45.0393	45.033
1.9335	45.0391	45.0329
1.934	45.0389	45.0327
1.9345	45.0386	45.0325
1.935	45.0384	45.0324
1.9355	45.0382	45.0322
1.936	45.038	45.0321
1.9365	45.0377	45.0319
1.937	45.0375	45.0318
1.9375	45.0373	45.0317
1.938	45.0371	45.0315
1.9385	45.0369	45.0314
1.939	45.0367	45.0312
1.9395	45.0365	45.0311
1.94	45.0363	45.031
1.9405	45.0361	45.0308
1.941	45.036	45.0307
1.9415	45.0358	45.0306
1.942	45.0356	45.0304
1.9425	45.0354	45.0303
1.943	45.0352	45.0302
1.9435	45.0351	45.0301
1.944	45.0349	45.0299
1.9445	45.0347	45.0298
1.945	45.0346	45.0297
1.9455	45.0344	45.0296
1.946	45.0343	45.0295
1.9465	45.0341	45.0293
1.947	45.034	45.0292
1.9475	45.0338	45.0291
1.948	45.0337	45.029
1.9485	45.0335	45.0289
1.949	45.0334	45.0288
1.9495	45.0332	45.0287
1.95	45.0331	45.0286
1.9505	45.033	45.0285
1.951	45.0328	45.0284
1.9515	45.0327	45.0283
1.952	45.0326	45.0282
1.9525	45.0324	45.0281
1.953	45.0323	45.028
1.9535	45.0322	45.0279
1.954	45.0321	45.0278
1.9545	45.032	45.0277
1.955	45.0318	45.0276
1.9555	45.0317	45.0275
1.956	45.0316	45.0274
1.9565	45.0315	45.0273
1.957	45.0314	45.0272
1.9575	45.0313	45.0271
1.958	45.0312	45.0271
1.9585	45.0311	45.027
1.959	45.031	45.0269
1.9595	45.0309	45.0268
1.96	45.0308	45.0267
1.9605	45.0307	45.0266
1.961	45.0306	45.0266
1.9615	45.0305	45.0265
1.962	45.0304	45.0264
1.9625	45.0303	45.0263
1.963	45.0302	45.0263
1.9635	45.0301	45.0262
1.964	45.03	45.0261
1.9645	45.0299	45.026
1.965	45.0298	45.026
1.9655	45.0297	45.0259
1.966	45.0297	45.0258
1.9665	45.0296	45.0258
1.967	45.0295	45.0257
1.9675	45.0294	45.0256
1.968	45.0293	45.0256
1.9685	45.0293	45.0255
1.969	45.0292	45.0254
1.9695	45.0291	45.0254
1.97	45.029	45.0253
1.9705	45.029	45.0252
1.971	45.0289	45.0252
1.9715	45.0288	45.0251
1.972	45.0287	45.0251
1.9725	45.0287	45.025
1.973	45.0286	45.0249
1.9735	45.0285	45.0249
1.974	45.0285	45.0248
1.9745	45.0284	45.0248
1.975	45.0283	45.0247
1.9755	45.0283	45.0247
1.976	45.0282	45.0246
1.9765	45.0281	45.0246
1.977	45.0281	45.0245
1.9775	45.028	45.0244
1.978	45.028	45.0244
1.9785	45.0279	45.0243
1.979	45.0279	45.0243
1.9795	45.0278	45.0242
1.98	45.0277	45.0242
1.9805	45.0277	45.0241
1.981	45.0276	45.0241
1.9815	45.0276	45.0241
1.982	45.0275	45.024
1.9825	45.0275	45.024
1.983	45.0274	45.0239
1.9835	45.0274	45.0239
1.984	45.0273	45.0238
1.9845	45.0273	45.0238
1.985	45.0272	45.0237
1.9855	45.0272	45.0237
1.986	45.0271	45.0237
1.9865	45.0271	45.0236
1.987	45.027	45.0236
1.9875	45.027	45.0235
1.988	45.0269	45.0235
1.9885	45.0269	45.0235
1.989	45.0268	45.0234
1.9895	45.0268	45.0234
1.99	45.0267	45.0233
1.9905	45.0267	45.0233
1.991	45.0267	45.0233
1.9915	45.0266	45.0232
1.992	45.0266	45.0232
1.9925	45.0265	45.0232
1.993	45.0265	45.0231
1.9935	45.0265	45.0231
1.994	45.0264	45.023
1.9945	45.0264	45.023
1.995	45.0263	45.023
1.9955	45.0263	45.0229
1.996	45.0263	45.0229
1.9965	45.0262	45.0229
1.997	45.0262	45.0228
1.9975	45.0262	45.0228
1.998	45.0261	45.0228
1.9985	45.0261	45.0227
1.999	45.026	45.0227
1.9995	45.026	45.0227
2	45.026	45.0227
2.0005	45.0259	45.0226
2.001	45.0259	45.0226
2.0015	45.0259	45.0226
2.002	45.0258	45.0225
2.0025	45.0258	45.0225
2.003	45.0258	45.0225
2.0035	45.0257	45.0225
2.004	45.0257	45.0224
2.0045	45.0257	45.0224
2.005	45.0257	45.0224
2.0055	45.0256	45.0223
2.006	45.0256	45.0223
2.0065	45.0256	45.0223
2.007	45.0255	45.0223
2.0075	45.0255	45.0222
2.008	45.0255	45.0222
2.0085	45.0254	45.0222
2.009	45.0254	45.0222
2.0095	45.0254	45.0221
2.01	45.0254	45.0221
2.0105	45.0253	45.0221
2.011	45.0253	45.0221
2.0115	45.0253	45.022
2.012	45.0253	45.022
2.0125	45.0252	45.022
2.013	45.0252	45.022
2.0135	45.0252	45.0219
2.014	45.0252	45.0219
2.0145	45.0251	45.0219
2.015	45.0251	45.0219
2.0155	45.0251	45.0219
2.016	45.025	45.0218
2.0165	45.025	45.0218
2.017	45.025	45.0218
2.0175	45.025	45.0218
2.018	45.025	45.0218
2.0185	45.0249	45.0217
2.019	45.0249	45.0217
2.0195	45.0249	45.0217
2.02	45.0249	45.0217
2.0205	45.0248	45.0216
2.021	45.0248	45.0216
2.0215	45.0248	45.0216
2.022	45.0248	45.0216
2.0225	45.0247	45.0216
2.023	45.0247	45.0216
2.0235	45.0247	45.0215
2.024	45.0247	45.0215
2.0245	45.0247	45.0215
2.025	45.0246	45.0215
2.0255	45.0246	45.0215
2.026	45.0246	45.0214
2.0265	45.0246	45.0214
2.027	45.0246	45.0214
2.0275	45.0245	45.0214
2.028	45.0245	45.0214
2.0285	45.0245	45.0214
2.029	45.0245	45.0213
2.0295	45.0245	45.0213
2.03	45.0244	45.0213
2.0305	45.0244	45.0213
2.031	45.0244	45.0213
2.0315	45.0244	45.0213
2.032	45.0244	45.0212
2.0325	45.0243	45.0212
2.033	45.0243	45.0212
2.0335	45.0243	45.0212
2.034	45.0243	45.0212
2.0345	45.0243	45.0212
2.035	45.0242	45.0211
2.0355	45.0242	45.0211
2.036	45.0242	45.0211
2.0365	45.0242	45.0211
2.037	45.0242	45.0211
2.0375	45.0242	45.0211
2.038	45.0241	45.021
2.0385	45.0241	45.021
2.039	45.0241	45.021
2.0395	45.0241	45.021
2.04	45.0241	45.021
2.0405	45.0241	45.021
2.041	45.024	45.021
2.0415	45.024	45.0209
2.042	45.024	45.0209
2.0425	45.024	45.0209
2.043	45.024	45.0209
2.0435	45.024	45.0209
2.044	45.0239	45.0209
2.0445	45.0239	45.0209
2.045	45.0239	45.0208
2.0455	45.0239	45.0208
2.046	45.0239	45.0208
2.0465	45.0239	45.0208
2.047	45.0238	45.0208
2.0475	45.0238	45.0208
2.048	45.0238	45.0208
2.0485	45.0238	45.0208
2.049	45.0238	45.0207
2.0495	45.0238	45.0207
2.05	45.0238	45.0207
2.0505	45.0237	45.0207
2.051	45.0237	45.0207
2.0515	45.0237	45.0207
2.052	45.0237	45.0207
2.0525	45.0237	45.0207
2.053	45.0237	45.0206
2.0535	45.0237	45.0206
2.054	45.0236	45.0206
2.0545	45.0236	45.0206
2.055	45.0236	45.0206
2.0555	45.0236	45.0206
2.056	45.0236	45.0206
2.0565	45.0236	45.0206
2.057	45.0236	45.0205
2.0575	45.0235	45.0205
2.058	45.0235	45.0205
2.0585	45.0235	45.0205
2.059	45.0235	45.0205
2.0595	45.0235	45.0205
2.06	45.0235	45.0205
2.0605	45.0235	45.0205
2.061	45.0234	45.0205
2.0615	45.0234	45.0204
2.062	45.0234	45.0204
2.0625	45.0234	45.0204
2.063	45.0234	45.0204
2.0635	45.0234	45.0204
2.064	45.0234	45.0204
2.0645	45.0233	45.0204
2.065	45.0233	45.0204
2.0655	45.0233	45.0204
2.066	45.0233	45.0203
2.0665	45.0233	45.0203
2.067	45.0233	45.0203
2.0675	45.0233	45.0203
2.068	45.0233	45.0203
2.0685	45.0232	45.0203
2.069	45.0232	45.0203
2.0695	45.0232	45.0203
2.07	45.0232	45.0203
2.0705	45.0232	45.0202
2.071	45.0232	45.0202
2.0715	45.0232	45.0202
2.072	45.0232	45.0202
2.0725	45.0231	45.0202
2.073	45.0231	45.0202
2.0735	45.0231	45.0202
2.074	45.0231	45.0202
2.0745	45.0231	45.0202
2.075	45.0231	45.0202
2.0755	45.0231	45.0201
2.076	45.0231	45.0201
2.0765	45.023	45.0201
2.077	45.023	45.0201
2.0775	45.023	45.0201
2.078	45.023	45.0201
2.0785	45.023	45.0201
2.079	45.023	45.0201
2.0795	45.023	45.0201
2.08	45.023	45.0201
2.0805	45.0229	45.02
2.081	45.0229	45.02
2.0815	45.0229	45.02
2.082	45.0229	45.02
2.0825	45.0229	45.02
2.083	45.0229	45.02
2.0835	45.0229	45.02
2.084	45.0229	45.02
2.0845	45.0229	45.02
2.085	45.0228	45.02
2.0855	45.0228	45.0199
2.086	45.0228	45.0199
2.0865	45.0228	45.0199
2.087	45.0228	45.0199
2.0875	45.0228	45.0199
2.088	45.0228	45.0199
2.0885	45.0228	45.0199
2.089	45.0228	45.0199
2.0895	45.0227	45.0199
2.09	45.0227	45.0199
2.0905	45.0227	45.0199
2.091	45.0227	45.0198
2.0915	45.0227	45.0198
2.092	45.0227	45.0198
2.0925	45.0227	45.0198
2.093	45.0227	45.0198
2.0935	45.0227	45.0198
2.094	45.0226	45.0198
2.0945	45.0226	45.0198
2.095	45.0226	45.0198
2.0955	45.0226	45.0198
2.096	45.0226	45.0198
2.0965	45.0226	45.0197
2.097	45.0226	45.0197
2.0975	45.0226	45.0197
2.098	45.0226	45.0197
2.0985	45.0225	45.0197
2.099	45.0225	45.0197
2.0995	45.0225	45.0197
2.1	45.0225	45.0197
2.1005	45.0225	45.0197
2.101	45.0225	45.0197
2.1015	45.0225	45.0197
2.102	45.0225	45.0197
2.1025	45.0225	45.0196
2.103	45.0224	45.0196
2.1035	45.0224	45.0196
2.104	45.0224	45.0196
2.1045	45.0224	45.0196
2.105	45.0224	45.0196
2.1055	45.0224	45.0196
2.106	45.0224	45.0196
2.1065	45.0224	45.0196
2.107	45.0224	45.0196
2.1075	45.0224	45.0196
2.108	45.0223	45.0195
2.1085	45.0223	45.0195
2.109	45.0223	45.0195
2.1095	45.0223	45.0195
2.11	45.0223	45.0195
2.1105	45.0223	45.0195
2.111	45.0223	45.0195
2.1115	45.0223	45.0195
2.112	45.0223	45.0195
2.1125	45.0223	45.0195
2.113	45.0222	45.0195
2.1135	45.0222	45.0195
2.114	45.0222	45.0194
2.1145	45.0222	45.0194
2.115	45.0222	45.0194
2.1155	45.0222	45.0194
2.116	45.0222	45.0194
2.1165	45.0222	45.0194
2.117	45.0222	45.0194
2.1175	45.0221	45.0194
2.118	45.0221	45.0194
2.1185	45.0221	45.0194
2.119	45.0221	45.0194
2.1195	45.0221	45.0194
2.12	45.0221	45.0194
2.1205	45.0221	45.0193
2.121	45.0221	45.0193
2.1215	45.0221	45.0193
2.122	45.0221	45.0193
2.1225	45.0221	45.0193
2.123	45.022	45.0193
2.1235	45.022	45.0193
2.124	45.022	45.0193
2.1245	45.022	45.0193
2.125	45.022	45.0193
2.1255	45.022	45.0193
2.126	45.022	45.0193
2.1265	45.022	45.0192
2.127	45.022	45.0192
2.1275	45.022	45.0192
2.128	45.0219	45.0192
2.1285	45.0219	45.0192
2.129	45.0219	45.0192
2.1295	45.0219	45.0192
2.13	45.0219	45.0192
2.1305	45.0219	45.0192
2.131	45.0219	45.0192
2.1315	45.0219	45.0192
2.132	45.0219	45.0192
2.1325	45.0219	45.0192
2.133	45.0218	45.0191
2.1335	45.0218	45.0191
2.134	45.0218	45.0191
2.1345	45.0218	45.0191
2.135	45.0218	45.0191
2.1355	45.0218	45.0191
2.136	45.0218	45.0191
2.1365	45.0218	45.0191
2.137	45.0218	45.0191
2.1375	45.0218	45.0191
2.138	45.0217	45.0191
2.1385	45.0217	45.0191
2.139	45.0217	45.0191
2.1395	45.0217	45.019
2.14	45.0217	45.019
2.1405	45.0217	45.019
2.141	45.0217	45.019
2.1415	45.0217	45.019
2.142	45.0217	45.019
2.1425	45.0217	45.019
2.143	45.0217	45.019
2.1435	45.0216	45.019
2.144	45.0216	45.019
2.1445	45.0216	45.019
2.145	45.0216	45.019
2.1455	45.0216	45.019
2.146	45.0216	45.0189
2.1465	45.0216	45.0189
2.147	45.0216	45.0189
2.1475	45.0216	45.0189
2.148	45.0216	45.0189
2.1485	45.0216	45.0189
2.149	45.0215	45.0189
2.1495	45.0215	45.0189
2.15	45.0215	45.0189
2.1505	45.0215	45.0189
2.151	45.0215	45.0189
2.1515	45.0215	45.0189
2.152	45.0215	45.0189
2.1525	45.0215	45.0188
2.153	45.0215	45.0188
2.1535	45.0215	45.0188
2.154	45.0215	45.0188
2.1545	45.0214	45.0188
2.155	45.0214	45.0188
2.1555	45.0214	45.0188
2.156	45.0214	45.0188
2.1565	45.0214	45.0188
2.157	45.0214	45.0188
2.1575	45.0214	45.0188
2.158	45.0214	45.0188
2.1585	45.0214	45.0188
2.159	45.0214	45.0188
2.1595	45.0214	45.0187
2.16	45.0213	45.0187
2.1605	45.0213	45.0187
2.161	45.0213	45.0187
2.1615	45.0213	45.0187
2.162	45.0213	45.0187
2.1625	45.0213	45.0187
2.163	45.0213	45.0187
2.1635	45.0213	45.0187
2.164	45.0213	45.0187
2.1645	45.0213	45.0187
2.165	45.0213	45.0187
2.1655	45.0212	45.0187
2.166	45.0212	45.0187
2.1665	45.0212	45.0186
2.167	45.0212	45.0186
2.1675	45.0212	45.0186
2.168	45.0212	45.0186
2.1685	45.0212	45.0186
2.169	45.0212	45.0186
2.1695	45.0212	45.0186
