 0.00083916
 0.00083916
 0.00083916
 0.00083916
 0.00083916
 0.00083916
 0.00083916
 0.00083916
 0.00083916
 0.00083916
0.000255744
0.000255744
0.000255744
0.000255744
0.000255744
0.000255744
0.000255744
0.000255744
0.000255744
0.000255744
  0.0113486
  0.0113486
  0.0113486
  0.0113486
  0.0113486
  0.0113486
  0.0113486
  0.0113486
  0.0113486
  0.0113486
   0.202981
   0.202981
   0.202981
   0.202981
   0.202981
   0.202981
   0.202981
   0.202981
   0.202981
   0.202981
   0.198247
   0.198247
   0.265629
   0.265629
    3.54582
    3.54582
    4.75102
    4.75102
    14.2721
    14.2721
    14.2721
    14.2721