 0.00083916
 0.00083916
 0.00083916
 0.00083916
 0.00083916
 0.00083916
 0.00083916
 0.00083916
 0.00083916
 0.00083916
 0.00083916
 0.00083916
 0.00083916
 0.00083916
 0.00083916
 0.00083916
0.000255744
0.000255744
0.000255744
0.000255744
0.000255744
0.000255744
0.000255744
0.000255744
0.000255744
0.000255744
0.000255744
0.000255744
0.000255744
0.000255744
0.000255744
0.000255744
  0.0113486
  0.0113486
  0.0113486
  0.0113486
  0.0113486
  0.0113486
  0.0113486
  0.0113486
  0.0113486
  0.0113486
  0.0113486
  0.0113486
  0.0113486
  0.0113486
  0.0113486
  0.0113486
   0.202981
   0.202981
   0.202981
   0.202981
   0.202981
   0.202981
   0.202981
   0.202981
   0.202981
   0.202981
   0.202981
   0.202981
   0.202981
   0.202981
   0.202981
   0.202981
   0.213496
   0.213496
   0.227682
   0.227682
    3.81858
    3.81858
     4.0723
     4.0723
    14.2721
    14.2721
    14.2721
    14.2721