0.430063 -0.0140625 0 -0.016 0 0 0 0 0 -0.4 0 0 0 0 0 0 0 0 0 0 0 0 0 0 0 0 0 0 0 0 0 0 0 0 0 0 0 0 0 0 0 0 0 0 0 0 0 0 
-0.0140625 0.444125 -0.0140625 0 -0.016 0 0 0 0 0 -0.4 0 0 0 0 0 0 0 0 0 0 0 0 0 0 0 0 0 0 0 0 0 0 0 0 0 0 0 0 0 0 0 0 0 0 0 0 0 
0 -0.0140625 0.430063 0 0 -0.016 0 0 0 0 0 -0.4 0 0 0 0 0 0 0 0 0 0 0 0 0 0 0 0 0 0 0 0 0 0 0 0 0 0 0 0 0 0 0 0 0 0 0 0 
-0.016 0 0 0.446063 -0.0140625 0 -0.016 0 0 0 0 0 -0.4 0 0 0 0 0 0 0 0 0 0 0 0 0 0 0 0 0 0 0 0 0 0 0 0 0 0 0 0 0 0 0 0 0 0 0 
0 -0.016 0 -0.0140625 0.460125 -0.0140625 0 -0.016 0 0 0 0 0 -0.4 0 0 0 0 0 0 0 0 0 0 0 0 0 0 0 0 0 0 0 0 0 0 0 0 0 0 0 0 0 0 0 0 0 0 
0 0 -0.016 0 -0.0140625 0.446063 0 0 -0.016 0 0 0 0 0 -0.4 0 0 0 0 0 0 0 0 0 0 0 0 0 0 0 0 0 0 0 0 0 0 0 0 0 0 0 0 0 0 0 0 0 
0 0 0 -0.016 0 0 0.430063 -0.0140625 0 0 0 0 0 0 0 -0.4 0 0 0 0 0 0 0 0 0 0 0 0 0 0 0 0 0 0 0 0 0 0 0 0 0 0 0 0 0 0 0 0 
0 0 0 0 -0.016 0 -0.0140625 0.444125 -0.0140625 0 0 0 0 0 0 0 -0.4 0 0 0 0 0 0 0 0 0 0 0 0 0 0 0 0 0 0 0 0 0 0 0 0 0 0 0 0 0 0 0 
0 0 0 0 0 -0.016 0 -0.0140625 0.430063 0 0 0 0 0 0 0 0 -0.4 0 0 0 0 0 0 0 0 0 0 0 0 0 0 0 0 0 0 0 0 0 0 0 0 0 0 0 0 0 0 
-0.4 0 0 0 0 0 0 0 0 0.52016 -7.5e-05 0 -8.53333e-05 0 0 0 0 0 -0.12 0 0 0 0 0 0 0 0 0 0 0 0 0 0 0 0 0 0 0 0 0 0 0 0 0 0 0 0 0 
0 -0.4 0 0 0 0 0 0 0 -7.5e-05 0.520235 -7.5e-05 0 -8.53333e-05 0 0 0 0 0 -0.12 0 0 0 0 0 0 0 0 0 0 0 0 0 0 0 0 0 0 0 0 0 0 0 0 0 0 0 0 
0 0 -0.4 0 0 0 0 0 0 0 -7.5e-05 0.52016 0 0 -8.53333e-05 0 0 0 0 0 -0.12 0 0 0 0 0 0 0 0 0 0 0 0 0 0 0 0 0 0 0 0 0 0 0 0 0 0 0 
0 0 0 -0.4 0 0 0 0 0 -8.53333e-05 0 0 0.520246 -7.5e-05 0 -8.53333e-05 0 0 0 0 0 -0.12 0 0 0 0 0 0 0 0 0 0 0 0 0 0 0 0 0 0 0 0 0 0 0 0 0 0 
0 0 0 0 -0.4 0 0 0 0 0 -8.53333e-05 0 -7.5e-05 0.520321 -7.5e-05 0 -8.53333e-05 0 0 0 0 0 -0.12 0 0 0 0 0 0 0 0 0 0 0 0 0 0 0 0 0 0 0 0 0 0 0 0 0 
0 0 0 0 0 -0.4 0 0 0 0 0 -8.53333e-05 0 -7.5e-05 0.520246 0 0 -8.53333e-05 0 0 0 0 0 -0.12 0 0 0 0 0 0 0 0 0 0 0 0 0 0 0 0 0 0 0 0 0 0 0 0 
0 0 0 0 0 0 -0.4 0 0 0 0 0 -8.53333e-05 0 0 0.52016 -7.5e-05 0 0 0 0 0 0 0 -0.12 0 0 0 0 0 0 0 0 0 0 0 0 0 0 0 0 0 0 0 0 0 0 0 
0 0 0 0 0 0 0 -0.4 0 0 0 0 0 -8.53333e-05 0 -7.5e-05 0.520235 -7.5e-05 0 0 0 0 0 0 0 -0.12 0 0 0 0 0 0 0 0 0 0 0 0 0 0 0 0 0 0 0 0 0 0 
0 0 0 0 0 0 0 0 -0.4 0 0 0 0 0 -8.53333e-05 0 -7.5e-05 0.52016 0 0 0 0 0 0 0 0 -0.12 0 0 0 0 0 0 0 0 0 0 0 0 0 0 0 0 0 0 0 0 0 
0 0 0 0 0 0 0 0 0 -0.12 0 0 0 0 0 0 0 0 1.45301 -0.375 0 -0.426667 0 0 0 0 0 -0.24 0 0 0 0 0 0 0 0 -0.143555 0 0 -0.147784 0 0 0 0 0 0 0 0 
0 0 0 0 0 0 0 0 0 0 -0.12 0 0 0 0 0 0 0 -0.375 1.68445 -0.375 0 -0.426667 0 0 0 0 0 -0.24 0 0 0 0 0 0 0 0 0 0 -0.147784 0 0 0 0 0 0 0 0 
0 0 0 0 0 0 0 0 0 0 0 -0.12 0 0 0 0 0 0 0 -0.375 1.45301 0 0 -0.426667 0 0 0 0 0 -0.24 0 0 0 0 0 0 0 -0.143555 0 -0.147784 0 0 0 0 0 0 0 0 
0 0 0 0 0 0 0 0 0 0 0 0 -0.12 0 0 0 0 0 -0.426667 0 0 1.73189 -0.375 0 -0.426667 0 0 0 0 0 -0.24 0 0 0 0 0 -0.143555 0 0 0 0 0 0 0 0 0 0 0 
0 0 0 0 0 0 0 0 0 0 0 0 0 -0.12 0 0 0 0 0 -0.426667 0 -0.375 1.96333 -0.375 0 -0.426667 0 0 0 0 0 -0.24 0 0 0 0 0 0 0 0 0 0 0 0 0 0 0 0 
0 0 0 0 0 0 0 0 0 0 0 0 0 0 -0.12 0 0 0 0 0 -0.426667 0 -0.375 1.73189 0 0 -0.426667 0 0 0 0 0 -0.24 0 0 0 0 -0.143555 0 0 0 0 0 0 0 0 0 0 
0 0 0 0 0 0 0 0 0 0 0 0 0 0 0 -0.12 0 0 0 0 0 -0.426667 0 0 1.45301 -0.375 0 0 0 0 0 0 0 -0.24 0 0 -0.143555 0 -0.147784 0 0 0 0 0 0 0 0 0 
0 0 0 0 0 0 0 0 0 0 0 0 0 0 0 0 -0.12 0 0 0 0 0 -0.426667 0 -0.375 1.68445 -0.375 0 0 0 0 0 0 0 -0.24 0 0 0 -0.147784 0 0 0 0 0 0 0 0 0 
0 0 0 0 0 0 0 0 0 0 0 0 0 0 0 0 0 -0.12 0 0 0 0 0 -0.426667 0 -0.375 1.45301 0 0 0 0 0 0 0 0 -0.24 0 -0.143555 -0.147784 0 0 0 0 0 0 0 0 0 
0 0 0 0 0 0 0 0 0 0 0 0 0 0 0 0 0 0 -0.24 0 0 0 0 0 0 0 0 7.78333 -2.5875 0 -2.944 0 0 0 0 0 0 0 0 0 -0.990527 0 0 -1.01971 0 0 0 0 
0 0 0 0 0 0 0 0 0 0 0 0 0 0 0 0 0 0 0 -0.24 0 0 0 0 0 0 0 -2.5875 9.3803 -2.5875 0 -2.944 0 0 0 0 0 0 0 0 0 0 0 -1.01971 0 0 0 0 
0 0 0 0 0 0 0 0 0 0 0 0 0 0 0 0 0 0 0 0 -0.24 0 0 0 0 0 0 0 -2.5875 7.78333 0 0 -2.944 0 0 0 0 0 0 0 0 -0.990527 0 -1.01971 0 0 0 0 
0 0 0 0 0 0 0 0 0 0 0 0 0 0 0 0 0 0 0 0 0 -0.24 0 0 0 0 0 -2.944 0 0 9.70762 -2.5875 0 -2.944 0 0 0 0 0 0 -0.990527 0 0 0 0 0 0 0 
0 0 0 0 0 0 0 0 0 0 0 0 0 0 0 0 0 0 0 0 0 0 -0.24 0 0 0 0 0 -2.944 0 -2.5875 11.3046 -2.5875 0 -2.944 0 0 0 0 0 0 0 0 0 0 0 0 0 
0 0 0 0 0 0 0 0 0 0 0 0 0 0 0 0 0 0 0 0 0 0 0 -0.24 0 0 0 0 0 -2.944 0 -2.5875 9.70762 0 0 -2.944 0 0 0 0 0 -0.990527 0 0 0 0 0 0 
0 0 0 0 0 0 0 0 0 0 0 0 0 0 0 0 0 0 0 0 0 0 0 0 -0.24 0 0 0 0 0 -2.944 0 0 7.78333 -2.5875 0 0 0 0 0 -0.990527 0 -1.01971 0 0 0 0 0 
0 0 0 0 0 0 0 0 0 0 0 0 0 0 0 0 0 0 0 0 0 0 0 0 0 -0.24 0 0 0 0 0 -2.944 0 -2.5875 9.3803 -2.5875 0 0 0 0 0 0 -1.01971 0 0 0 0 0 
0 0 0 0 0 0 0 0 0 0 0 0 0 0 0 0 0 0 0 0 0 0 0 0 0 0 -0.24 0 0 0 0 0 -2.944 0 -2.5875 7.78333 0 0 0 0 0 -0.990527 -1.01971 0 0 0 0 0 
0 0 0 0 0 0 0 0 0 0 0 0 0 0 0 0 0 0 -0.143555 0 0 -0.143555 0 0 -0.143555 0 0 0 0 0 0 0 0 0 0 0 89.4407 0 0 0 -89.01 0 0 0 0 0 0 0 
0 0 0 0 0 0 0 0 0 0 0 0 0 0 0 0 0 0 0 0 -0.143555 0 0 -0.143555 0 0 -0.143555 0 0 0 0 0 0 0 0 0 0 89.4407 0 0 0 -89.01 0 0 0 0 0 0 
0 0 0 0 0 0 0 0 0 0 0 0 0 0 0 0 0 0 0 0 0 0 0 0 -0.147784 -0.147784 -0.147784 0 0 0 0 0 0 0 0 0 0 0 90.3534 0 0 0 -89.91 0 0 0 0 0 
0 0 0 0 0 0 0 0 0 0 0 0 0 0 0 0 0 0 -0.147784 -0.147784 -0.147784 0 0 0 0 0 0 0 0 0 0 0 0 0 0 0 0 0 0 90.3534 0 0 0 -89.91 0 0 0 0 
0 0 0 0 0 0 0 0 0 0 0 0 0 0 0 0 0 0 0 0 0 0 0 0 0 0 0 -0.990527 0 0 -0.990527 0 0 -0.990527 0 0 -89.01 0 0 0 98.1004 0 0 0 -5.52899 0 0 0 
0 0 0 0 0 0 0 0 0 0 0 0 0 0 0 0 0 0 0 0 0 0 0 0 0 0 0 0 0 -0.990527 0 0 -0.990527 0 0 -0.990527 0 -89.01 0 0 0 98.1004 0 0 0 -5.52899 0 0 
0 0 0 0 0 0 0 0 0 0 0 0 0 0 0 0 0 0 0 0 0 0 0 0 0 0 0 0 0 0 0 0 0 -1.01971 -1.01971 -1.01971 0 0 -89.91 0 0 0 99.0814 0 0 0 -5.51642 0 
0 0 0 0 0 0 0 0 0 0 0 0 0 0 0 0 0 0 0 0 0 0 0 0 0 0 0 -1.01971 -1.01971 -1.01971 0 0 0 0 0 0 0 0 0 -89.91 0 0 0 99.0814 0 0 0 -5.51642 
0 0 0 0 0 0 0 0 0 0 0 0 0 0 0 0 0 0 0 0 0 0 0 0 0 0 0 0 0 0 0 0 0 0 0 0 0 0 0 0 -5.52899 0 0 0 7.31825 0 0 0 
0 0 0 0 0 0 0 0 0 0 0 0 0 0 0 0 0 0 0 0 0 0 0 0 0 0 0 0 0 0 0 0 0 0 0 0 0 0 0 0 0 -5.52899 0 0 0 7.31825 0 0 
0 0 0 0 0 0 0 0 0 0 0 0 0 0 0 0 0 0 0 0 0 0 0 0 0 0 0 0 0 0 0 0 0 0 0 0 0 0 0 0 0 0 -5.51642 0 0 0 7.30568 0 
0 0 0 0 0 0 0 0 0 0 0 0 0 0 0 0 0 0 0 0 0 0 0 0 0 0 0 0 0 0 0 0 0 0 0 0 0 0 0 0 0 0 0 -5.51642 0 0 0 7.30568 
